67897	340055
783997	173689
636863	80468
631714	36566
61518	33438
559967	28504
770668	26629
94609	21998
628774	20426
1024557	20192
991126	18712
1059899	18558
416858	17821
574783	16855
671759	15320
899607	15233
186456	14904
225941	14836
353560	14720
617878	14650
1004098	13360
822352	13338
7915	13260
28895	13197
276750	12877
649596	12734
191499	12730
1073970	12710
436289	12633
717309	12446
584579	12235
15207	12125
696384	11949
950987	11673
431197	11622
514725	11395
386646	11298
441588	10865
759459	10697
851811	10648
764906	10569
855358	10432
15173	10329
89953	10315
676215	10292
221663	10271
269715	10241
160695	10228
846404	10126
796486	10074
843827	9940
213297	9934
465321	9917
1104538	9916
1097522	9884
454937	9794
49881	9782
1030146	9738
458784	9738
937295	9610
315345	9608
522346	9586
36671	9499
317674	9464
159310	9410
918455	9401
846908	9374
663421	9272
789857	9126
108933	8933
828646	8893
333159	8886
21980	8883
801860	8761
107407	8749
492131	8594
179830	8585
430509	8555
918348	8529
9105	8499
658092	8490
655904	8455
1039919	8387
3001	8376
893999	8374
318890	8318
656693	8314
209821	8301
215089	8289
597305	8243
281085	8215
897158	8110
431502	8054
343432	8053
542603	7927
433060	7927
1041507	7925
772645	7923
448776	7911
1063589	7838
