1	41398
10	4893
100	1125
1000	3003
1001	375
1002	2510
1003	629
1004	4345
1005	963
1006	1831
1007	590
1008	275
1009	649
101	2336
1010	6954
1011	8205
1012	1784
1013	725
1014	1040
1015	605
1016	1740
1017	837
1018	2407
1019	2547
102	6193
1020	933
1021	580
1022	2935
1023	757
1024	505
1025	6961
1026	1391
1027	1297
1028	308
1029	2738
103	890
1030	108
1031	15191
1032	1036
1033	1063
1034	743
1035	534
1036	4834
1037	3426
1038	1222
1039	979
104	2957
1040	3356
1041	946
1042	428
1043	52774
1044	5944
1045	239
1046	570
1047	2895
1048	360
1049	9675
105	199
1050	2860
1051	514
1052	783
1053	417
1054	805
1055	658
1056	21780
1057	461
1058	19021
1059	1533
106	16022
1060	811
1061	560
1062	2960
1063	2366
1064	2221
1065	4768
1066	1032
1067	2023
1068	600
1069	1926
107	2471
1070	1350
1071	1065
1072	259
1073	3230
1074	653
1075	1290
1076	3111
1077	5422
1078	2386
1079	1335
108	586
1080	494
1081	156
1082	906
1083	822
1084	749
1085	2789
1086	387
1087	29477
1088	1087
1089	635
109	2106
1090	6163
1091	3023
1092	259
1093	1896
1094	1356
1095	621
1096	2582
1097	604
1098	1294
1099	371
11	5132
110	348
1100	548
1101	159
1102	214024
1103	5089
1104	1510
1105	550
1106	2881
1107	437
1108	2493
1109	345
111	6998
1110	663
1111	1591
1112	657
1113	13356
1114	1330
1115	5216
1116	1625
1117	1239
1118	549
1119	1115
112	584
1120	176
1121	484
1122	874
1123	5529
1124	799
1125	4446
1126	14398
1127	3095
1128	758
1129	2205
113	832
1130	1462
1131	26037
1132	523
1133	8105
1134	7453
1135	689
1136	3189
1137	3369
1138	19807
1139	6098
114	7804
1140	5466
1141	2190
1142	2115
1143	534
1144	2518
1145	905
1146	2041
1147	565
1148	431
1149	1141
115	3024
1150	1473
1151	5593
1152	697
1153	134
1154	1974
1155	509
1156	1987
1157	4809
1158	579
1159	6319
116	3023
1160	1034
1161	2264
1162	3750
1163	3169
1164	291
1165	2556
1166	4464
1167	644
1168	2553
1169	2841
117	278
1170	497
1171	8566
1172	3080
1173	8674
1174	451
1175	5542
1176	282
1177	513
1178	256
1179	2035
118	3765
1180	616
1181	2095
1182	447
1183	533
1184	1458
1185	2348
1186	365
1187	3185
1188	30879
1189	830
119	817
1190	4509
1191	203
1192	1096
1193	1623
1194	563
1195	474
1196	508
1197	103
1198	258
1199	5657
12	3475
120	2695
1200	13369
1201	482
1202	1029
1203	4487
1204	631
1205	2560
1206	1088
1207	1990
1208	315
1209	422
121	5134
1210	1399
1211	2560
1212	978
1213	1216
1214	1917
1215	446
1216	1633
1217	2505
1218	5082
1219	2994
122	687
1220	612
1221	2424
1222	103
1223	349
1224	930
1225	10934
1226	140
1227	1338
1228	2931
1229	3653
123	906
1230	1567
1231	1504
1232	438
1233	380
1234	9577
1235	1199
1236	7578
1237	637
1238	1099
1239	342
124	282
1240	6437
1241	2689
1242	6580
1243	2884
1244	2210
1245	1741
1246	1459
1247	1129
1248	830
1249	3287
125	1305
1250	7280
1251	5422
1252	1444
1253	13321
1254	1001
1255	1299
1256	3858
1257	51495
1258	718
1259	514
126	88
1260	454
1261	1378
1262	772
1263	1738
1264	1458
1265	554
1266	558
1267	4050
1268	3557
1269	1841
127	4878
1270	2808
1271	1040
1272	22943
1273	219
1274	1484
1275	524
1276	851
1277	11436
1278	1138
1279	412
128	277
1280	1862
1281	1034
1282	772
1283	4860
1284	1292
1285	1188
1286	716
1287	451
1288	2343
1289	703
129	616
1290	2623
1291	541
1292	3516
1293	1255
1294	584
1295	7776
1296	1235
1297	597
1298	2782
1299	2168
13	2911
130	832
1300	163
1301	1022
1302	7956
1303	1551
1304	10139
1305	1900
1306	2774
1307	2755
1308	2374
1309	1115
131	13848
1310	16736
1311	1017
1312	388
1313	255
1314	778
1315	846
1316	757
1317	1993
1318	5364
1319	803
132	1866
1320	1293
1321	4684
1322	1636
1323	208
1324	1106
1325	6676
1326	10530
1327	2477
1328	496
1329	2810
133	6660
1330	928
1331	3442
1332	1218
1333	190
1334	438
1335	281
1336	925
1337	3045
1338	1686
1339	518
134	1372
1340	25772
1341	535
1342	2817
1343	888
1344	439
1345	800
1346	22445
1347	462
1348	1133
1349	449
135	571
1350	3953
1351	170
1352	11506
1353	3148
1354	373
1355	865
1356	4283
1357	3046
1358	1451
1359	2004
136	1672
1360	468
1361	657
1362	5592
1363	699
1364	9659
1365	1144
1366	2618
1367	364
1368	126
1369	4891
137	1108
1370	865
1371	319
1372	788
1373	483
1374	411
1375	457
1376	1551
1377	597
1378	385
1379	1028
138	1441
1380	3699
1381	5179
1382	521
1383	2296
1384	1060
1385	548
1386	1083
1387	6377
1388	416
1389	2248
139	7226
1390	2281
1391	435
1392	942
1393	143768
1394	918
1395	520
1396	1201
1397	3092
1398	1366
1399	4294
14	1617
140	2621
1400	392
1401	1610
1402	6664
1403	2132
1404	2538
1405	1107
1406	964
1407	4271
1408	1028
1409	1337
141	53407
1410	3668
1411	3387
1412	3825
1413	1302
1414	838
1415	974
1416	349
1417	553
1418	10111
1419	847
142	7845
1420	4589
1421	553
1422	1119
1423	824
1424	1231
1425	2011
1426	9165
1427	2883
1428	1406
1429	110
143	338
1430	2235
1431	1299
1432	1026
1433	449
1434	976
1435	2174
1436	1920
1437	2334
1438	561
1439	631
144	9719
1440	416
1441	1873
1442	3930
1443	1914
1444	1549
1445	2842
1446	3955
1447	262
1448	575
1449	712
145	9265
1450	814
1451	551
1452	1529
1453	989
1454	4296
1455	578
1456	275
1457	8860
1458	282
1459	151
146	1370
1460	718
1461	5210
1462	4757
1463	725
1464	1812
1465	1217
1466	1185
1467	2739
1468	787
1469	7058
147	279
1470	3090
1471	416
1472	6573
1473	9188
1474	760
1475	482
1476	1232
1477	1024
1478	110
1479	673
148	5980
1480	35666
1481	3788
1482	2190
1483	929
1484	871
1485	13127
1486	346
1487	19418
1488	529
1489	4697
149	923
1490	1683
1491	1334
1492	3006
1493	248
1494	535
1495	7520
1496	657
1497	2100
1498	229
1499	2515
15	66
150	107
1500	5120
1501	31545
1502	2504
1503	62946
1504	1333
1505	1608
1506	770
1507	3649
1508	98
1509	770
151	1647
1510	1494
1511	588
1512	2385
1513	634
1514	1023
1515	830
1516	2262
1517	2336
1518	292
1519	2019
152	1421
1520	1224
1521	770
1522	1392
1523	800
1524	2833
1525	1056
1526	4172
1527	1707
1528	1063
1529	356
153	462
1530	648
1531	704
1532	912
1533	2013
1534	1361
1535	31335
1536	2541
1537	1348
1538	3497
1539	1652
154	1784
1540	411
1541	2624
1542	1348
1543	2966
1544	5159
1545	790
1546	1215
1547	890
1548	320
1549	701
155	497
1550	4116
1551	932
1552	1200
1553	937
1554	492
1555	1329
1556	2192
1557	13241
1558	1476
1559	1408
156	318
1560	1336
1561	880
1562	3051
1563	5363
1564	536
1565	2311
1566	5385
1567	2553
1568	1000
1569	635
157	296
1570	1138
1571	1182
1572	690
1573	892
1574	7868
1575	453
1576	2064
1577	579
1578	1258
1579	2881
158	33579
1580	16192
1581	2505
1582	3948
1583	17280
1584	958
1585	1207
1586	7618
1587	94
1588	1224
1589	644
159	445
1590	45
1591	2141
1592	2964
1593	586
1594	1030
1595	54011
1596	712
1597	1077
1598	2318
1599	22118
16	969
160	763
1600	1477
1601	2908
1602	5847
1603	6043
1604	877
1605	1839
1606	2688
1607	2057
1608	141
1609	2444
161	2256
1610	579
1611	720
1612	738
1613	1656
1614	1645
1615	1125
1616	1013
1617	7633
1618	17285
1619	1756
162	464
1620	140
1621	841
1622	193
1623	5889
1624	3351
1625	3334
1626	128
1627	3119
1628	1054
1629	1683
163	756
1630	2220
1631	402
1632	2021
1633	1179
1634	1194
1635	2426
1636	1211
1637	4827
1638	1796
1639	469
164	200
1640	1156
1641	7346
1642	1889
1643	2036
1644	3583
1645	1200
1646	6023
1647	669
1648	541
1649	1157
165	3108
1650	597
1651	607
1652	404
1653	688
1654	727
1655	720
1656	368
1657	919
1658	660
1659	975
166	2016
1660	1184
1661	3992
1662	1098
1663	55585
1664	345
1665	1308
1666	682
1667	1128
1668	2962
1669	3296
167	22446
1670	362
1671	1105
1672	1506
1673	3480
1674	11125
1675	5812
1676	522
1677	4531
1678	1406
1679	10536
168	6916
1680	4925
1681	10808
1682	2660
1683	260
1684	397
1685	467
1686	778
1687	22005
1688	1283
1689	631
169	275
1690	438
1691	6422
1692	2987
1693	670
1694	288
1695	413
1696	2322
1697	2128
1698	748
1699	32561
17	483
170	1832
1700	1206
1701	393
1702	649
1703	4094
1704	10833
1705	784
1706	486
1707	1135
1708	11853
1709	448
171	3051
1710	1079
1711	250
1712	988
1713	2991
1714	564
1715	10272
1716	1331
1717	440
1718	4845
1719	8646
172	3783
1720	175
1721	5023
1722	1140
1723	787
1724	2509
1725	497
1726	2128
1727	18909
1728	6602
1729	1279
173	73337
1730	629
1731	287
1732	603
1733	2002
1734	3379
1735	1475
1736	3042
1737	1895
1738	11927
1739	5344
174	1016
1740	617
1741	8591
1742	14150
1743	1399
1744	7033
1745	422
1746	1031
1747	1087
1748	596
1749	6821
175	1838
1750	9397
1751	1197
1752	2684
1753	951
1754	5363
1755	1092
1756	1433
1757	1636
1758	951
1759	201
176	867
1760	34870
1761	762
1762	1181
1763	867
1764	566
1765	7979
1766	6876
1767	7180
1768	1269
1769	1332
177	270
1770	5056
1771	7054
1772	339
1773	283
1774	6464
1775	760
1776	1410
1777	522
1778	647
1779	1006
178	2806
1780	1934
1781	12282
1782	279
1783	16942
1784	4539
1785	1399
1786	4303
1787	345
1788	1831
1789	1107
179	471
1790	509
1791	691
1792	564
1793	390
1794	344
1795	388
1796	5819
1797	400
1798	374
1799	393
18	1002
180	461
1800	756
1801	726
1802	723
1803	367
1804	1131
1805	6879
1806	3242
1807	4319
1808	180
1809	514
181	2222
1810	19277
1811	1319
1812	517
1813	274
1814	1528
1815	19737
1816	23534
1817	226
1818	1731
1819	1995
182	504
1820	772
1821	644
1822	5540
1823	805
1824	4165
1825	324
1826	1715
1827	1458
1828	1513
1829	489
183	899
1830	1113
1831	2860
1832	705
1833	10103
1834	2835
1835	6992
1836	1512
1837	2249
1838	3243
1839	1444
184	286245
1840	2064
1841	8055
1842	676
1843	1299
1844	2949
1845	1409
1846	419
1847	1069
1848	984
1849	654
185	23
1850	3657
1851	1884
1852	1739
1853	1402
1854	5337
1855	2335
1856	307
1857	598
1858	2626
1859	113
186	2191
1860	4189
1861	23560
1862	2206
1863	438
1864	1867
1865	169
1866	4687
1867	10089
1868	2051
1869	804
187	1118
1870	1083
1871	461
1872	1883
1873	485
1874	12207
1875	4065
1876	1285
1877	1425
1878	4304
1879	763
188	4533
1880	308
1881	1953
1882	1541
1883	1130
1884	6324
1885	8740
1886	1550
1887	3519
1888	653
1889	479
189	1227
1890	37818
1891	619
1892	40676
1893	420
1894	1104
1895	4811
1896	701
1897	2663
1898	306
1899	1499
19	771
190	1281
1900	3264
1901	4641
1902	903
1903	1317
1904	1762
1905	1627
1906	1262
1907	1948
1908	2656
1909	175
191	20777
1910	13707
1911	2835
1912	919
1913	3066
1914	901
1915	700
1916	5120
1917	2133
1918	5951
1919	2244
192	5881
1920	1290
1921	3511
1922	767
1923	3848
1924	547
1925	483
1926	937
1927	1141
1928	692
1929	582
193	246
1930	493
1931	4465
1932	1319
1933	1016
1934	1220
1935	289
1936	801
1937	576
1938	486
1939	1665
194	1327
1940	716
1941	1748
1942	523
1943	2955
1944	588
1945	2096
1946	4317
1947	600
1948	2061
1949	10879
195	7077
1950	1639
1951	1113
1952	5986
1953	20840
1954	687
1955	9109
1956	947
1957	4577
1958	502
1959	1842
196	827
1960	1383
1961	1467
1962	1386
1963	24966
1964	7792
1965	255
1966	4100
1967	31734
1968	5463
1969	1522
197	1769
1970	1146
1971	460
1972	316
1973	11133
1974	4544
1975	1561
1976	3918
1977	1637
1978	7822
1979	2264
198	1283
1980	736
1981	3182
1982	425
1983	2622
1984	7396
1985	550
1986	3861
1987	2282
1988	3713
1989	4011
199	12773
1990	262
1991	699
1992	5743
1993	3180
1994	348
1995	235
1996	3546
1997	1813
1998	12773
1999	4245
2	801
20	3052
200	1452
2000	1838
2001	647
2002	5750
2003	916
2004	666
2005	752
2006	890
2007	300
2008	2182
2009	2753
201	944
2010	605
2011	3067
2012	784
2013	2164
2014	9355
2015	56
2016	2690
2017	1363
2018	3520
2019	161
202	9317
2020	708
2021	2249
2022	929
2023	9367
2024	2334
2025	588
2026	4890
2027	351
2028	106
2029	2235
203	3235
2030	1435
2031	19216
2032	2651
2033	629
2034	2542
2035	1155
2036	8377
2037	3120
2038	206
2039	220
204	165
2040	226
2041	1458
2042	5229
2043	752
2044	1599
2045	1057
2046	1528
2047	8665
2048	1385
2049	7894
205	1292
2050	2910
2051	8850
2052	1912
2053	520
2054	2380
2055	1044
2056	1129
2057	121
2058	1707
2059	539
206	3904
2060	865
2061	1213
2062	25831
2063	208
2064	11182
2065	4387
2066	9924
2067	241
2068	1019
2069	1155
207	6751
2070	596
2071	1131
2072	2333
2073	690
2074	4223
2075	568
2076	6905
2077	2120
2078	878
2079	3547
208	174
2080	374
2081	3864
2082	4275
2083	929
2084	4721
2085	1977
2086	1633
2087	1864
2088	2138
2089	1333
209	426
2090	2989
2091	2013
2092	1110
2093	1066
2094	3995
2095	3584
2096	2095
2097	274
2098	417
2099	7754
21	880
210	649
2100	220
2101	4223
2102	4114
2103	2164
2104	1143
2105	1434
2106	9497
2107	2366
2108	6359
2109	384
211	625
2110	547
2111	1081
2112	885
2113	1944
2114	413
2115	573
2116	24342
2117	220
2118	1287
2119	3186
212	1313
2120	971
2121	648
2122	1575
2123	1809
2124	14244
2125	5941
2126	702
2127	616
2128	5878
2129	394
213	3910
2130	829
2131	274
2132	1330
2133	1253
2134	2270
2135	342
2136	9421
2137	1968
2138	18050
2139	2990
214	817
2140	2369
2141	253
2142	1179
2143	1956
2144	658
2145	1262
2146	1926
2147	955
2148	1696
2149	5095
215	8222
2150	654
2151	5104
2152	4650
2153	834
2154	1022
2155	755
2156	3619
2157	771
2158	2592
2159	605
216	375
2160	269
2161	1622
2162	3148
2163	3207
2164	529
2165	723
2166	617
2167	1281
2168	4288
2169	402
217	1100
2170	1061
2171	1917
2172	1184
2173	12075
2174	1597
2175	10732
2176	3482
2177	439
2178	788
2179	11896
218	4521
2180	1984
2181	4125
2182	412
2183	729
2184	573
2185	108
2186	846
2187	1642
2188	937
2189	742
219	10534
2190	478
2191	645
2192	627
2193	15022
2194	1873
2195	2164
2196	751
2197	2380
2198	414
2199	382
22	790
220	2280
2200	2803
2201	1372
2202	1364
2203	553
2204	1217
2205	362
2206	51007
2207	1271
2208	432
2209	438
221	983
2210	3889
2211	818
2212	1756
2213	7346
2214	408
2215	745
2216	1235
2217	24058
2218	174
2219	1811
222	429
2220	1167
2221	1233
2222	2502
2223	35671
2224	1193
2225	1911
2226	441
2227	202
2228	2647
2229	6997
223	576
2230	269
2231	519
2232	1571
2233	1614
2234	1168
2235	6509
2236	1271
2237	1223
2238	683
2239	5188
224	408
2240	1833
2241	1403
2242	788
2243	963
2244	497
2245	1146
2246	33240
2247	165
2248	426
2249	1028
225	2059
2250	226
2251	1945
2252	351
2253	998
2254	494
2255	783
2256	1219
2257	1226
2258	491
2259	444
226	685
2260	8037
2261	644
2262	91
2263	2897
2264	769
2265	2574
2266	925
2267	1638
2268	1066
2269	2955
227	5251
2270	704
2271	1418
2272	346
2273	13266
2274	840
2275	396
2276	856
2277	4968
2278	8446
2279	6376
228	1470
2280	1435
2281	3655
2282	286
2283	4474
2284	2196
2285	568
2286	288
2287	124
2288	498
2289	816
229	374
2290	803
2291	918
2292	16086
2293	1659
2294	427
2295	1302
2296	973
2297	1338
2298	1193
2299	1277
23	1873
230	614
2300	1779
2301	498
2302	2544
2303	10117
2304	1602
2305	647
2306	1927
2307	511
2308	1730
2309	701
231	3480
2310	9323
2311	869
2312	1360
2313	3198
2314	1373
2315	2681
2316	631
2317	636
2318	13222
2319	812
232	28283
2320	686
2321	556
2322	892
2323	3128
2324	941
2325	809
2326	1042
2327	580
2328	2092
2329	606
233	1595
2330	1937
2331	536
2332	3271
2333	4589
2334	1823
2335	460
2336	41148
2337	2234
2338	780
2339	313
234	8868
2340	304
2341	1670
2342	897
2343	186
2344	549
2345	2718
2346	2946
2347	1909
2348	336
2349	1200
235	3003
2350	352
2351	2049
2352	3585
2353	776
2354	422
2355	2885
2356	223
2357	116
2358	2406
2359	2464
236	1380
2360	1554
2361	2086
2362	8205
2363	1862
2364	472
2365	6351
2366	1567
2367	15446
2368	328
2369	214
237	146
2370	5994
2371	49898
2372	1003
2373	2369
2374	5559
2375	1637
2376	633
2377	13449
2378	4038
2379	891
238	1783
2380	300
2381	639
2382	18531
2383	1298
2384	621
2385	44672
2386	697
2387	9760
2388	5054
2389	2021
239	1486
2390	418
2391	4197
2392	501
2393	803
2394	991
2395	1119
2396	2151
2397	6709
2398	1047
2399	1582
24	1176
240	1759
2400	4134
2401	768
2402	5632
2403	22746
2404	8695
2405	922
2406	170
2407	3773
2408	264
2409	718
241	2480
2410	1467
2411	1565
2412	12142
2413	341
2414	2304
2415	636
2416	1382
2417	2056
2418	39293
2419	2121
242	3918
2420	13140
2421	455
2422	4952
2423	660
2424	5702
2425	3119
2426	3306
2427	410
2428	563
2429	1506
243	642
2430	219
2431	3127
2432	857
2433	2700
2434	607
2435	5754
2436	3963
2437	1413
2438	831
2439	811
244	837
2440	6415
2441	3329
2442	722
2443	1028
2444	1663
2445	1973
2446	801
2447	6872
2448	6099
2449	2095
245	1109
2450	4697
2451	996
2452	549
2453	2317
2454	3561
2455	1553
2456	1383
2457	2394
2458	209
2459	19821
246	621
2460	3669
2461	441
2462	1277
2463	1007
2464	915
2465	7467
2466	1675
2467	305
2468	55135
2469	1843
247	1018
2470	295
2471	1286
2472	2427
2473	2983
2474	1412
2475	1293
2476	767
2477	2160
2478	682
2479	1468
248	6496
2480	184
2481	849
2482	21122
2483	1147
2484	6486
2485	2241
2486	1087
2487	295
2488	670
2489	2166
249	880
2490	521
2491	1247
2492	2011
2493	279
2494	326
2495	801
2496	2357
2497	886
2498	5207
2499	618
25	1013
250	3995
2500	1149
2501	372
2502	380
2503	3492
2504	862
2505	2193
2506	12892
2507	474
2508	3117
2509	978
251	1653
2510	6104
2511	8360
2512	6036
2513	580
2514	435
2515	1694
2516	479
2517	1096
2518	5530
2519	555
252	1781
2520	1358
2521	732
2522	401
2523	72
2524	406
2525	439
2526	4859
2527	3894
2528	797
2529	1109
253	419
2530	3976
2531	1005
2532	1572
2533	965
2534	467
2535	629
2536	525
2537	18494
2538	1038
2539	672
254	3449
2540	2106
2541	6535
2542	1870
2543	1154
2544	1769
2545	31215
2546	467
2547	8944
2548	896
2549	1107
255	3448
2550	2890
2551	963
2552	1084
2553	361
2554	672
2555	2080
2556	772
2557	979
2558	498
2559	2092
256	256
2560	21123
2561	1927
2562	3353
2563	1997
2564	5729
2565	11219
2566	3760
2567	653
2568	533
2569	7749
257	986
2570	4875
2571	854
2572	1792
2573	1956
2574	1799
2575	10178
2576	2177
2577	1144
2578	557
2579	6240
258	859
2580	8305
2581	510
2582	9236
2583	2174
2584	7638
2585	107
2586	7242
2587	356
2588	3660
2589	267
259	2633
2590	2982
2591	16527
2592	7314
2593	4032
2594	13222
2595	322
2596	881
2597	1863
2598	1091
2599	801
26	1086
260	2779
2600	1300
2601	1031
2602	945
2603	2302
2604	241
2605	87
2606	4703
2607	1151
2608	2766
2609	594
261	2066
2610	606
2611	1555
2612	404
2613	534
2614	727
2615	729
2616	1043
2617	31955
2618	1306
2619	608
262	1603
2620	1333
2621	441
2622	1724
2623	696
2624	2284
2625	450
2626	2433
2627	739
2628	971
2629	1297
263	1200
2630	2793
2631	1227
2632	1021
2633	1547
2634	916
2635	204
2636	648
2637	1339
2638	711
2639	3119
264	532
2640	6347
2641	521
2642	1114
2643	1704
2644	1130
2645	1645
2646	1757
2647	1804
2648	175
2649	576
265	3301
2650	337
2651	3252
2652	5802
2653	1007
2654	3455
2655	936
2656	2933
2657	2135
2658	926
2659	333
266	1861
2660	571
2661	496
2662	1385
2663	1063
2664	17159
2665	3644
2666	1315
2667	5548
2668	4277
2669	27364
267	6408
2670	1569
2671	1168
2672	852
2673	605
2674	5094
2675	760
2676	34843
2677	23770
2678	1215
2679	576
268	694
2680	2364
2681	1381
2682	823
2683	2999
2684	371
2685	558
2686	1545
2687	2989
2688	280
2689	578
269	395
2690	633
2691	387
2692	2748
2693	1618
2694	387
2695	1114
2696	851
2697	362
2698	2474
2699	2907
27	3002
270	17473
2700	2073
2701	2606
2702	2471
2703	1971
2704	8382
2705	268
2706	1166
2707	115
2708	213
2709	4902
271	360
2710	475
2711	6078
2712	229
2713	1370
2714	205
2715	3587
2716	146
2717	724
2718	2429
2719	824
272	518
2720	4713
2721	20925
2722	883
2723	1606
2724	2974
2725	2205
2726	369
2727	1099
2728	522
2729	266
273	952
2730	2102
2731	872
2732	417
2733	2145
2734	792
2735	524
2736	890
2737	518
2738	211
2739	1773
274	1450
2740	387
2741	1141
2742	3659
2743	6947
2744	242
2745	7310
2746	5230
2747	4908
2748	1333
2749	1674
275	3616
2750	1089
2751	2618
2752	2297
2753	1645
2754	444
2755	661
2756	1402
2757	2261
2758	1750
2759	1212
276	781
2760	305
2761	1179
2762	1710
2763	1496
2764	1340
2765	524
2766	235
2767	3255
2768	12555
2769	1510
277	165
2770	2036
2771	338
2772	1379
2773	2795
2774	1332
2775	2601
2776	1680
2777	5752
2778	3107
2779	433
278	2950
2780	1093
2781	39204
2782	1356
2783	1556
2784	198
2785	407
2786	1409
2787	526
2788	975
2789	1748
279	6070
2790	1128
2791	5281
2792	3386
2793	393
2794	1772
2795	2222
2796	614
2797	777
2798	928
2799	5239
28	20605
280	500
2800	453
2801	350
2802	3053
2803	797
2804	1029
2805	2639
2806	2578
2807	7078
2808	433
2809	1380
281	689
2810	2840
2811	3438
2812	2076
2813	71248
2814	1567
2815	2352
2816	772
2817	498
2818	24018
2819	2309
282	1743
2820	518
2821	8075
2822	6035
2823	45055
2824	924
2825	1393
2826	768
2827	674
2828	9863
2829	7742
283	1081
2830	270
2831	1785
2832	174
2833	747
2834	5359
2835	3012
2836	1183
2837	1052
2838	6536
2839	1031
284	7961
2840	295
2841	629
2842	570
2843	675
2844	10513
2845	2645
2846	6652
2847	1003
2848	403
2849	3918
285	587
2850	1010
2851	1698
2852	683
2853	397
2854	600
2855	1812
2856	8704
2857	3350
2858	187
2859	1210
286	2244
2860	1210
2861	5699
2862	3424
2863	1138
2864	1111
2865	296
2866	996
2867	1823
2868	477
2869	5108
287	2425
2870	489
2871	796
2872	2374
2873	338
2874	8116
2875	495
2876	12225
2877	3700
2878	3908
2879	1735
288	1117
2880	685
2881	547
2882	2309
2883	12942
2884	2205
2885	1237
2886	1285
2887	1191
2888	505
2889	545
289	860
2890	710
2891	4329
2892	1106
2893	1327
2894	7596
2895	4707
2896	1299
2897	1240
2898	9317
2899	577
29	1237
290	3620
2900	7491
2901	454
2902	505
2903	3219
2904	605
2905	4875
2906	1124
2907	1254
2908	1144
2909	1618
291	819
2910	1919
2911	344
2912	6818
2913	4721
2914	2096
2915	4716
2916	2277
2917	1104
2918	588
2919	482
292	388
2920	595
2921	716
2922	423
2923	1728
2924	1449
2925	8917
2926	1886
2927	1622
2928	15286
2929	3866
293	4267
2930	1303
2931	147
2932	1836
2933	1628
2934	5061
2935	4290
2936	3432
2937	1055
2938	1178
2939	483
294	2672
2940	950
2941	621
2942	5819
2943	1364
2944	450
2945	544
2946	1570
2947	674
2948	688
2949	4509
295	1001
2950	798
2951	1028
2952	1696
2953	1522
2954	12328
2955	649
2956	8722
2957	599
2958	6423
2959	11097
296	5947
2960	3660
2961	1031
2962	400
2963	16370
2964	5297
2965	1374
2966	508
2967	2393
2968	1873
2969	735
297	2653
2970	1380
2971	1088
2972	1482
2973	648
2974	1209
2975	5753
2976	874
2977	527
2978	1054
2979	72
298	1100
2980	1559
2981	11315
2982	2329
2983	1781
2984	1086
2985	293
2986	379
2987	4091
2988	624
2989	291
299	1360
2990	860
2991	2725
2992	888
2993	7230
2994	3357
2995	1204
2996	467
2997	1643
2998	712
2999	1643
3	1012
30	825
300	4767
3000	957
3001	7374
3002	1420
3003	7231
3004	5183
3005	1879
3006	810
3007	356
3008	2715
3009	1152
301	3397
3010	791
3011	1313
3012	979
3013	2463
3014	1055
3015	2803
3016	12956
3017	18300
3018	1217
3019	3051
302	1111
3020	817
3021	2455
3022	13303
3023	1053
3024	1951
3025	305
3026	986
3027	2017
3028	3258
3029	1762
303	722
3030	426
3031	1194
3032	3210
3033	12827
3034	411
3035	6833
3036	483
3037	409
3038	4350
3039	730
304	1846
3040	597
3041	511
3042	3037
3043	1301
3044	1243
3045	4768
3046	898
3047	611
3048	2448
3049	2727
305	13357
3050	1957
3051	396
3052	422
3053	1060
3054	1346
3055	1537
3056	460
3057	5465
3058	1291
3059	1127
306	1447
3060	1198
3061	1618
3062	1412
3063	22041
3064	2648
3065	582
3066	611
3067	4343
3068	653
3069	570
307	463
3070	1372
3071	615
3072	1233
3073	7129
3074	791
3075	1140
3076	599
3077	231
3078	8986
3079	996
308	1493
3080	5688
3081	107
3082	1561
3083	1282
3084	416
3085	7324
3086	294
3087	936
3088	851
3089	4086
309	1630
3090	1958
3091	1705
3092	3093
3093	179
3094	6104
3095	1326
3096	13798
3097	316
3098	5219
3099	4690
31	269
310	14488
3100	1028
3101	177
3102	3920
3103	1400
3104	2180
3105	10349
3106	6503
3107	3836
3108	536
3109	463
311	2520
3110	1182
3111	3253
3112	1369
3113	3072
3114	1890
3115	1219
3116	747
3117	9458
3118	393
3119	1519
312	691
3120	2538
3121	8231
3122	1853
3123	1645
3124	324
3125	7627
3126	425
3127	483
3128	9845
3129	1025
313	1540
3130	1409
3131	723
3132	967
3133	912
3134	808
3135	1561
3136	2103
3137	756
3138	2381
3139	23518
314	2342
3140	4660
3141	1912
3142	721
3143	826
3144	9335
3145	1679
3146	1126
3147	547
3148	1987
3149	2437
315	376
3150	778
3151	304
3152	9870
3153	797
3154	4523
3155	10435
3156	991
3157	210
3158	1190
3159	7163
316	4759
3160	3371
3161	2815
3162	763
3163	9152
3164	1664
3165	1333
3166	1981
3167	3089
3168	4464
3169	845
317	2190
3170	4764
3171	558
3172	731
3173	4436
3174	1417
3175	2592
3176	1538
3177	11899
3178	2649
3179	1456
318	12544
3180	1162
3181	2209
3182	171
3183	31927
3184	628
3185	8231
3186	409
3187	623
3188	1399
3189	14581
319	526
3190	93
3191	11620
3192	674
3193	703
3194	1037
3195	1004
3196	12595
3197	329
3198	289
3199	104
32	1676
320	3456
3200	13559
3201	774
3202	1312
3203	12943
3204	2205
3205	4782
3206	792
3207	781
3208	978
3209	3263
321	1194
3210	750
3211	445
3212	4317
3213	58750
3214	5564
3215	2180
3216	1867
3217	416
3218	3598
3219	1541
322	2630
3220	165
3221	99
3222	527
3223	564
3224	3084
3225	1483
3226	1537
3227	639
3228	709
3229	469
323	6122
3230	6952
3231	4094
3232	370
3233	5486
3234	2321
3235	3569
3236	7024
3237	406
3238	617
3239	788
324	701
3240	812
3241	512
3242	1845
3243	3513
3244	693
3245	173
3246	3355
3247	731
3248	1371
3249	2294
325	624
3250	2337
3251	2052
3252	648
3253	1244
3254	514
3255	8413
3256	509
3257	267
3258	1051
3259	963
326	2513
3260	516
3261	1176
3262	716
3263	2491
3264	293
3265	661
3266	2973
3267	746
3268	910
3269	441
327	6873
3270	4060
3271	2043
3272	877
3273	511
3274	1020
3275	2167
3276	1113
3277	2577
3278	345
3279	10468
328	417
3280	1727
3281	572
3282	1768
3283	966
3284	3461
3285	377
3286	980
3287	442
3288	3849
3289	1239
329	1558
3290	963
3291	1916
3292	373
3293	881
3294	5649
3295	32245
3296	5593
3297	3408
3298	3436
3299	1131
33	11825
330	275
3300	1782
3301	375
3302	1989
3303	237
3304	3393
3305	1558
3306	906
3307	268
3308	4223
3309	237
331	21221
3310	1099
3311	1180
3312	615
3313	657
3314	1040
3315	33655
3316	708
3317	1967
3318	539
3319	6149
332	1910
3320	2786
3321	592
3322	1882
3323	5701
3324	479
3325	1013
3326	18931
3327	1045
3328	439
3329	1312
333	6462
3330	630
3331	937
3332	2662
3333	182
3334	1295
3335	985
3336	655
3337	510
3338	1994
3339	1216
334	426
3340	691
3341	917
3342	147
3343	482
3344	1133
3345	2534
3346	287
3347	822
3348	3937
3349	3659
335	1463
3350	8596
3351	822
3352	762
3353	3700
3354	4017
3355	3455
3356	605
3357	2554
3358	316
3359	63
336	474
3360	485
3361	2783
3362	658
3363	1318
3364	434
3365	3143
3366	2773
3367	452
3368	8541
3369	896
337	562
3370	254
3371	3363
3372	570
3373	1069
3374	2413
3375	623
3376	21666
3377	3308
3378	581
3379	488
338	770
3380	1559
3381	4993
3382	1225
3383	939
3384	770
3385	431
3386	748
3387	427
3388	3029
3389	1972
339	3903
3390	1513
3391	1254
3392	2709
3393	1144
3394	875
3395	17573
3396	1022
3397	849
3398	3047
3399	573
34	5644
340	1298
3400	178
3401	114
3402	3567
3403	168
3404	784
3405	146
3406	210
3407	511
3408	1152
3409	2408
341	512
3410	1988
3411	1008
3412	603
3413	659
3414	1457
3415	5518
3416	1596
3417	868
3418	1009
3419	1406
342	4316
3420	4491
3421	4621
3422	2472
3423	5346
3424	569
3425	3047
3426	867
3427	5684
3428	1619
3429	318
343	687
3430	2373
3431	261
3432	3112
3433	5998
3434	43
3435	661
3436	592
3437	3350
3438	396
3439	238
344	2049
3440	766
3441	1582
3442	1615
3443	231
3444	7302
3445	757
3446	2018
3447	747
3448	1870
3449	18452
345	542
3450	482
3451	2324
3452	669
3453	2031
3454	1950
3455	1243
3456	1263
3457	1109
3458	539
3459	1118
346	1850
3460	13244
3461	2515
3462	3808
3463	2928
3464	580
3465	1233
3466	1138
3467	746
3468	13372
3469	2271
347	10814
3470	569
3471	1090
3472	10164
3473	8444
3474	1434
3475	516
3476	1241
3477	1454
3478	4113
3479	883
348	932
3480	276
3481	3890
3482	1904
3483	496
3484	8095
3485	184
3486	3791
3487	284
3488	664
3489	2061
349	861
3490	1096
3491	153081
3492	226
3493	623
3494	772
3495	296
3496	3651
3497	11069
3498	1850
3499	1201
35	4549
350	1246
3500	3102
3501	1191
3502	4767
3503	650
3504	1217
3505	272
3506	916
3507	16584
3508	2493
3509	466
351	1361
3510	932
3511	14955
3512	536
3513	1549
3514	338
3515	725
3516	692
3517	273
3518	6181
3519	826
352	268
3520	301
3521	2573
3522	946
3523	899
3524	4500
3525	661
3526	23532
3527	317
3528	10744
3529	337
353	391
3530	290
3531	1089
3532	295
3533	1422
3534	1110
3535	1082
3536	4714
3537	958
3538	762
3539	905
354	1571
3540	416
3541	1275
3542	812
3543	925
3544	1417
3545	4154
3546	902
3547	14
3548	1460
3549	292
355	2340
3550	417
3551	5558
3552	4984
3553	964
3554	1257
3555	2966
3556	24417
3557	160
3558	359
3559	1052
356	1023
3560	2042
3561	2598
3562	1222
3563	1838
3564	387
3565	544
3566	480
3567	4597
3568	183
3569	179
357	1036
3570	211
3571	1172
3572	5888
3573	562
3574	882
3575	386
3576	969
3577	1501
3578	19786
3579	299
358	700
3580	2201
3581	588
3582	579
3583	1632
3584	672
3585	3582
3586	812
3587	1245
3588	1127
3589	636
359	5852
3590	3345
3591	309
3592	4280
3593	1358
3594	714
3595	9521
3596	3452
3597	1639
3598	1837
3599	4041
36	466
360	1181
3600	1972
3601	1391
3602	1007
3603	3960
3604	593
3605	1192
3606	3891
3607	2368
3608	1145
3609	10639
361	15501
3610	9641
3611	564
3612	1427
3613	275
3614	9488
3615	734
3616	371
3617	434
3618	344
3619	1806
362	1012
3620	1316
3621	2841
3622	1043
3623	18342
3624	2252
3625	937
3626	982
3627	4916
3628	1393
3629	5148
363	2012
3630	1338
3631	522
3632	913
3633	527
3634	786
3635	5797
3636	1590
3637	795
3638	809
3639	779
364	1349
3640	3316
3641	251
3642	1306
3643	1164
3644	603
3645	5050
3646	830
3647	2913
3648	785
3649	5665
365	574
3650	2378
3651	918
3652	603
3653	193
3654	1126
3655	409
3656	378
3657	2370
3658	2893
3659	31148
366	3006
3660	293
3661	4486
3662	340
3663	16140
3664	541
3665	1552
3666	1732
3667	224
3668	797
3669	22323
367	660
3670	1378
3671	2834
3672	353
3673	1760
3674	5940
3675	204
3676	1839
3677	113581
3678	41459
3679	4006
368	1418
3680	952
3681	1037
3682	4050
3683	2999
3684	563
3685	1065
3686	7218
3687	692
3688	2507
3689	6483
369	1025
3690	1580
3691	191
3692	628
3693	1320
3694	145
3695	9620
3696	6241
3697	5620
3698	188110
3699	527
37	1402
370	1332
3700	2076
3701	1310
3702	126
3703	2266
3704	670
3705	376
3706	5328
3707	1160
3708	1481
3709	1264
371	980
3710	398
3711	264
3712	1140
3713	416
3714	3560
3715	1545
3716	11347
3717	556
3718	4696
3719	1914
372	1021
3720	396
3721	4743
3722	2080
3723	2657
3724	2129
3725	6620
3726	1579
3727	11557
3728	592
3729	12559
373	4226
3730	1223
3731	197
3732	1659
3733	713
3734	51272
3735	3500
3736	6164
3737	1163
3738	771
3739	479
374	1181
3740	993
3741	6643
3742	1253
3743	2917
3744	405
3745	986
3746	1047
3747	530
3748	1206
3749	2077
375	65511
3750	3464
3751	2280
3752	1388
3753	1226
3754	1357
3755	2639
3756	1779
3757	1939
3758	6977
3759	1212
376	1142
3760	187902
3761	1893
3762	1114
3763	726
3764	671
3765	1209
3766	4469
3767	2498
3768	718
3769	1670
377	394
3770	1375
3771	740
3772	970
3773	2567
3774	656
3775	427
3776	269
3777	1273
3778	414
3779	471
378	901
3780	1707
3781	1306
3782	351
3783	3144
3784	1226
3785	404
3786	2135
3787	389
3788	612
3789	529
379	1300
3790	3147
3791	2360
3792	1442
3793	550
3794	972
3795	2918
3796	3134
3797	6421
3798	452
3799	423
38	1452
380	18248
3800	953
3801	459
3802	868
3803	1969
3804	261
3805	998
3806	273
3807	334
3808	104
3809	1111
381	405
3810	653
3811	1135
3812	1742
3813	577
3814	237
3815	503
3816	1471
3817	3493
3818	4869
3819	4108
382	962
3820	2510
3821	1172
3822	7117
3823	386
3824	451
3825	1898
3826	12197
3827	555
3828	181810
3829	219
383	849
3830	335
3831	561
3832	577
3833	3962
3834	10122
3835	1582
3836	816
3837	503
3838	2712
3839	7559
384	2329
3840	1159
3841	504
3842	617
3843	2286
3844	702
3845	18995
3846	557
3847	1526
3848	1906
3849	834
385	284
3850	578
3851	1794
3852	321
3853	3645
3854	1907
3855	1407
3856	284
3857	313
3858	2247
3859	26873
386	2705
3860	2640
3861	2777
3862	2715
3863	2721
3864	696
3865	1556
3866	1294
3867	1842
3868	138
3869	797
387	4450
3870	627
3871	1326
3872	1316
3873	612
3874	5986
3875	2221
3876	269
3877	4186
3878	8825
3879	591
388	2143
3880	1120
3881	1735
3882	988
3883	1896
3884	1407
3885	913
3886	525
3887	5859
3888	2260
3889	866
389	840
3890	1945
3891	287
3892	1097
3893	822
3894	562
3895	516
3896	1512
3897	2285
3898	2843
3899	497
39	418
390	4495
3900	541
3901	1693
3902	500
3903	567
3904	5953
3905	896
3906	3730
3907	3231
3908	307
3909	916
391	319
3910	9051
3911	506
3912	1954
3913	1195
3914	3572
3915	1033
3916	454
3917	1006
3918	1600
3919	2721
392	293
3920	3443
3921	472
3922	1267
3923	1037
3924	2664
3925	21705
3926	812
3927	496
3928	170
3929	2052
393	1169
3930	976
3931	3125
3932	2012
3933	264
3934	357
3935	3027
3936	9780
3937	4734
3938	3786
3939	170
394	442
3940	399
3941	9146
3942	251
3943	83
3944	71
3945	707
3946	1945
3947	1837
3948	4977
3949	6421
395	940
3950	2671
3951	12518
3952	792
3953	1205
3954	5399
3955	26608
3956	2316
3957	3214
3958	7508
3959	1589
396	1988
3960	1670
3961	1978
3962	1261
3963	4957
3964	2922
3965	5413
3966	460
3967	345
3968	7161
3969	2779
397	8181
3970	10901
3971	13756
3972	909
3973	758
3974	310
3975	3315
3976	838
3977	316
3978	1953
3979	3796
398	1433
3980	1753
3981	3540
3982	849
3983	965
3984	6578
3985	5455
3986	1954
3987	662
3988	930
3989	1876
399	1248
3990	14850
3991	2354
3992	3223
3993	517
3994	443
3995	7155
3996	653
3997	10834
3998	928
3999	1546
4	1005
40	4204
400	1198
4000	415
4001	2823
4002	1984
4003	1253
4004	527
4005	1716
4006	3888
4007	525
4008	721
4009	1533
401	5949
4010	1190
4011	347
4012	1079
4013	2068
4014	191
4015	389
4016	808
4017	627
4018	813
4019	157
402	2239
4020	307
4021	2811
4022	1120
4023	281
4024	3109
4025	352
4026	4570
4027	928
4028	2809
4029	782
403	787
4030	375
4031	291
4032	858
4033	1948
4034	714
4035	4505
4036	1558
4037	963
4038	368
4039	2588
404	538
4040	2892
4041	3403
4042	9384
4043	26152
4044	264820
4045	813
4046	1370
4047	2392
4048	12437
4049	8235
405	565
4050	2306
4051	392
4052	1275
4053	2241
4054	408
4055	844
4056	622
4057	2151
4058	1210
4059	1172
406	2627
4060	1168
4061	612
4062	1239
4063	1095
4064	4478
4065	246
4066	2056
4067	5862
4068	774
4069	776
407	652
4070	4510
4071	1585
4072	3646
4073	9899
4074	1986
4075	141
4076	305
4077	2147
4078	1104
4079	8816
408	255
4080	1291
4081	195
4082	415
4083	5855
4084	2430
4085	408
4086	2632
4087	2052
4088	614
4089	273
409	980
4090	13635
4091	5378
4092	2448
4093	827
4094	57738
4095	435
4096	2031
4097	575
4098	1102
4099	1182
41	442
410	285
4100	1086
4101	271
4102	1735
4103	138
4104	370
4105	1260
4106	2870
4107	447
4108	954
4109	1568
411	6065
4110	750
4111	2429
4112	585
4113	194
4114	1513
4115	3262
4116	1385
4117	616
4118	3542
4119	899
412	18208
4120	1308
4121	362
4122	4109
4123	752
4124	463
4125	3129
4126	5848
4127	37176
4128	293
4129	18462
413	407
4130	909
4131	5135
4132	5077
4133	932
4134	1548
4135	931
4136	1718
4137	1570
4138	1385
4139	685
414	3374
4140	2151
4141	1265
4142	655
4143	9319
4144	4441
4145	478
4146	1117
4147	375
4148	1448
4149	601
415	3322
4150	2623
4151	1255
4152	1498
4153	284
4154	3482
4155	363
4156	391
4157	876
4158	2269
4159	3596
416	20775
4160	24178
4161	13456
4162	545
4163	3261
4164	2929
4165	276
4166	816
4167	201
4168	383
4169	2075
417	915
4170	3131
4171	892
4172	228
4173	183894
4174	645
4175	1630
4176	435
4177	296
4178	1573
4179	1478
418	1548
4180	994
4181	1427
4182	2
4183	495
4184	898
4185	2215
4186	4625
4187	8734
4188	8751
4189	603
419	713
4190	437
4191	1204
4192	6956
4193	2663
4194	538
4195	529
4196	2613
4197	1261
4198	1058
4199	778
42	428
420	65861
4200	2298
4201	391
4202	735
4203	155
4204	619
4205	20238
4206	869
4207	237
4208	1022
4209	2082
421	1092
4210	159
4211	907
4212	3102
4213	1125
4214	1283
4215	61
4216	809
4217	815
4218	45509
4219	2524
422	31256
4220	2838
4221	3481
4222	571
4223	867
4224	1887
4225	354
4226	184
4227	417
4228	1200
4229	536
423	6698
4230	382
4231	915
4232	1714
4233	2048
4234	4548
4235	2223
4236	1178
4237	1759
4238	4442
4239	4132
424	9335
4240	1955
4241	925
4242	405
4243	2237
4244	5880
4245	665
4246	3610
4247	567
4248	771
4249	4610
425	614
4250	1906
4251	4949
4252	1238
4253	1439
4254	3317
4255	10494
4256	2154
4257	56824
4258	351
4259	1498
426	910
4260	2221
4261	163
4262	303
4263	531
4264	586
4265	18317
4266	1209
4267	2672
4268	1202
4269	1692
427	817
4270	2891
4271	768
4272	1829
4273	2889
4274	4655
4275	768
4276	5639
4277	1563
4278	1512
4279	1558
428	1930
4280	9177
4281	1814
4282	79604
4283	3762
4284	497
4285	1965
4286	903
4287	15146
4288	348
4289	2985
429	5011
4290	995
4291	754
4292	2072
4293	1684
4294	232
4295	246
4296	5955
4297	686
4298	3558
4299	1000
43	1232
430	1253
4300	1181
4301	1476
4302	357
4303	1286
4304	1225
4305	7698
4306	884
4307	675
4308	3108
4309	1198
431	3899
4310	9446
4311	19423
4312	516
4313	609
4314	800
4315	642
4316	1625
4317	2901
4318	2110
4319	928
432	636
4320	2848
4321	25612
4322	6645
4323	2573
4324	6720
4325	7869
4326	335
4327	1121
4328	127
4329	1329
433	1528
4330	958
4331	2296
4332	538
4333	3532
4334	716
4335	5481
4336	2817
4337	400
4338	660
4339	651
434	1208
4340	565
4341	325
4342	2541
4343	438
4344	1190
4345	952
4346	4970
4347	1980
4348	407
4349	477
435	3267
4350	907
4351	931
4352	1337
4353	332
4354	1724
4355	13311
4356	2254
4357	712
4358	454
4359	1046
436	684
4360	1188
4361	1687
4362	422
4363	1413
4364	801
4365	1892
4366	1482
4367	796
4368	4323
4369	1267
437	26745
4370	877
4371	925
4372	1419
4373	665
4374	10055
4375	747
4376	6765
4377	504
4378	1113
4379	452
438	663
4380	1501
4381	1037
4382	193
4383	1758
4384	327
4385	2169
4386	3853
4387	1911
4388	5762
4389	498
439	175
4390	16808
4391	2984
4392	947
4393	658
4394	8912
4395	3271
4396	345
4397	388
4398	200
4399	446
44	5618
440	264
4400	368
4401	573
4402	850
4403	1058
4404	32602
4405	850
4406	548
4407	187
4408	2958
4409	547
441	896
4410	9579
4411	499
4412	398
4413	1584
4414	881
4415	280
4416	2739
4417	1962
4418	251
4419	289
442	332
4420	788
4421	1113
4422	1998
4423	3083
4424	3119
4425	1744
4426	2168
4427	14368
4428	533
4429	1208
443	576
4430	611
4431	2285
4432	4548
4433	600
4434	4791
4435	335
4436	1921
4437	2293
4438	4307
4439	508
444	6386
4440	3903
4441	423
4442	792
4443	873
4444	4372
4445	558
4446	1193
4447	436
4448	204
4449	70
445	1779
4450	525
4451	3336
4452	289
4453	38
4454	1121
4455	2274
4456	1390
4457	232
4458	872
4459	4037
446	1272
4460	1388
4461	1246
4462	469
4463	3894
4464	2725
4465	5249
4466	1356
4467	3172
4468	1470
4469	2225
447	2346
4470	385
4471	1511
4472	1425
4473	429
4474	1579
4475	6116
4476	5179
4477	752
4478	829
4479	936
448	787
4480	5239
4481	1526
4482	278
4483	2470
4484	382
4485	822
4486	645
4487	442
4488	480
4489	1111
449	2606
4490	1537
4491	1304
4492	3991
4493	2010
4494	1400
4495	606
4496	1151
4497	1607
4498	1100
4499	3972
45	205
450	2085
4500	2455
4501	2010
4502	1267
4503	1181
4504	11308
4505	1763
4506	1218
4507	718
4508	2570
4509	17685
451	156
4510	334
4511	691
4512	671
4513	180
4514	5481
4515	1277
4516	2419
4517	930
4518	256
4519	867
452	1193
4520	3539
4521	1026
4522	7165
4523	2666
4524	1321
4525	7834
4526	555
4527	589
4528	12042
4529	3205
453	2462
4530	569
4531	815
4532	4707
4533	4418
4534	5948
4535	650
4536	8813
4537	978
4538	38708
4539	882
454	611
4540	4933
4541	554
4542	5369
4543	6897
4544	1156
4545	3079
4546	19759
4547	897
4548	1528
4549	1642
455	1027
4550	2869
4551	1862
4552	3710
4553	828
4554	2873
4555	3415
4556	1036
4557	3450
4558	3624
4559	1003
456	6399
4560	1075
4561	441
4562	1991
4563	581
4564	1424
4565	982
4566	11765
4567	11677
4568	1148
4569	1421
457	5704
4570	2839
4571	520
4572	512
4573	985
4574	438
4575	410
4576	732
4577	1203
4578	955
4579	178
458	1237
4580	1761
4581	600
4582	1727
4583	1090
4584	2385
4585	6368
4586	406
4587	249
4588	488
4589	3306
459	573
4590	837
4591	689
4592	483
4593	2737
4594	5448
4595	202
4596	540
4597	3732
4598	980
4599	5031
46	1109
460	776
4600	1205
4601	595
4602	1255
4603	134
4604	243
4605	20857
4606	1875
4607	3847
4608	981
4609	510
461	27576
4610	280
4611	614
4612	464
4613	1204
4614	739
4615	3452
4616	3643
4617	821
4618	1566
4619	1216
462	1050
4620	181
4621	256
4622	8504
4623	677
4624	300
4625	751
4626	802
4627	401
4628	289
4629	2246
463	2126
4630	2128
4631	1931
4632	2626
4633	322
4634	380
4635	469
4636	887
4637	608
4638	682
4639	229
464	2914
4640	5245
4641	644
4642	1782
4643	1715
4644	29320
4645	3421
4646	528
4647	2230
4648	6784
4649	1028
465	7190
4650	3804
4651	4334
4652	418
4653	778
4654	485
4655	5256
4656	552
4657	1380
4658	4930
4659	15916
466	279
4660	1630
4661	1228
4662	1289
4663	2055
4664	450
4665	526
4666	2370
4667	5385
4668	2536
4669	862
467	17514
4670	1213
4671	481
4672	2410
4673	1411
4674	1101
4675	1243
4676	269
4677	472
4678	1316
4679	458
468	3318
4680	6616
4681	1059
4682	1324
4683	2545
4684	1087
4685	7166
4686	10286
4687	4149
4688	14840
4689	423
469	2702
4690	326
4691	338
4692	299
4693	4282
4694	1497
4695	6688
4696	2070
4697	645
4698	830
4699	589
47	1543
470	13391
4700	9885
4701	879
4702	1475
4703	7815
4704	1464
4705	5855
4706	653
4707	3435
4708	3966
4709	2110
471	4949
4710	3528
4711	295
4712	1932
4713	1126
4714	1027
4715	324
4716	641
4717	916
4718	1583
4719	693
472	1442
4720	4623
4721	454
4722	565
4723	258
4724	3218
4725	1795
4726	1477
4727	2162
4728	1206
4729	4838
473	2460
4730	616
4731	7235
4732	1032
4733	680
4734	162
4735	3694
4736	544
4737	1680
4738	404
4739	1959
474	20516
4740	2484
4741	1974
4742	528
4743	550
4744	5202
4745	1397
4746	501
4747	2401
4748	131
4749	665
475	960
4750	1526
4751	7516
4752	75311
4753	245
4754	717
4755	744
4756	2819
4757	1698
4758	972
4759	1254
476	1656
4760	41216
4761	1041
4762	278
4763	548
4764	873
4765	5467
4766	24663
4767	439
4768	8645
4769	1811
477	4038
4770	1646
4771	1903
4772	647
4773	3012
4774	538
4775	5494
4776	8459
4777	218
4778	1287
4779	1319
478	2185
4780	333
4781	7385
4782	970
4783	1249
4784	908
4785	4730
4786	2142
4787	2415
4788	444
4789	1996
479	2127
4790	1253
4791	809
4792	10924
4793	1798
4794	1788
4795	1221
4796	1385
4797	500
4798	75085
4799	495
48	471
480	553
4800	579
4801	841
4802	908
4803	4832
4804	1018
4805	1701
4806	560
4807	277
4808	869
4809	1927
481	2335
4810	519
4811	265
4812	906
4813	970
4814	931
4815	654
4816	2243
4817	1410
4818	24062
4819	1344
482	566
4820	1560
4821	1338
4822	1368
4823	917
4824	1087
4825	2960
4826	1675
4827	1518
4828	8587
4829	4752
483	7170
4830	1009
4831	492
4832	3826
4833	2708
4834	791
4835	480
4836	3924
4837	282
4838	1007
4839	1792
484	2691
4840	1797
4841	1088
4842	780
4843	3313
4844	2772
4845	65652
4846	1330
4847	56476
4848	911
4849	1427
485	3731
4850	3695
4851	1563
4852	4434
4853	909
4854	587
4855	290
4856	2009
4857	2726
4858	1458
4859	2332
486	92
4860	2358
4861	507
4862	643
4863	564
4864	2210
4865	10950
4866	742
4867	1830
4868	1640
4869	11842
487	5090
4870	908
4871	7643
4872	981
4873	902
4874	1099
4875	740
4876	3322
4877	672
4878	160
4879	3631
488	256
4880	484
4881	7594
4882	3094
4883	4140
4884	1031
4885	889
4886	1202
4887	323
4888	3827
4889	759
489	800
4890	803
4891	424
4892	770
4893	524
4894	1312
4895	2281
4896	1964
4897	545
4898	2359
4899	1544
49	335
490	258
4900	2735
4901	619
4902	174
4903	864
4904	510
4905	663
4906	453
4907	589
4908	3252
4909	1727
491	953
4910	3723
4911	9823
4912	358
4913	997
4914	1894
4915	771
4916	1004
4917	744
4918	36961
4919	6352
492	1857
4920	1934
4921	1496
4922	2174
4923	5103
4924	34046
4925	3541
4926	2979
4927	973
4928	634
4929	407
493	782
4930	1276
4931	302
4932	235
4933	2839
4934	548
4935	451
4936	5524
4937	1072
4938	1932
4939	5909
494	1198
4940	2196
4941	878
4942	2039
4943	251
4944	419
4945	30060
4946	1652
4947	768
4948	1298
4949	4654
495	460
4950	11261
4951	7208
4952	272
4953	1320
4954	1310
4955	3660
4956	500
4957	1402
4958	856
4959	3029
496	2771
4960	2227
4961	2692
4962	1428
4963	9485
4964	3050
4965	1339
4966	7339
4967	426
4968	457
4969	559
497	144
4970	144
4971	1414
4972	1463
4973	181
4974	1064
4975	303
4976	100047
4977	475
4978	858
4979	1289
498	1538
4980	1301
4981	2023
4982	3030
4983	3319
4984	1272
4985	866
4986	911
4987	1240
4988	1712
4989	637
499	891
4990	4076
4991	242
4992	4360
4993	6283
4994	2092
4995	1820
5	2971
50	1143
500	3291
501	15432
502	2652
503	12643
504	319
505	878
506	8197
507	1008
508	3592
509	360
51	3325
510	2041
511	914
512	771
513	2026
514	1542
515	635
516	680
517	752
518	1442
519	2391
52	374
520	1301
521	1747
522	2621
523	10104
524	3389
525	2715
526	675
527	7813
528	2622
529	443
53	6573
530	2406
531	295
532	673
533	5754
534	3324
535	3555
536	1792
537	719
538	1856
539	840
54	3405
540	1972
541	15871
542	501
543	1403
544	1034
545	283
546	5917
547	12854
548	615
549	1531
55	3711
550	1361
551	2362
552	1462
553	458
554	1923
555	1013
556	8515
557	1817
558	1739
559	162
56	5116
560	827
561	6353
562	217
563	2822
564	787
565	1661
566	7808
567	22393
568	189
569	541
57	1162
570	91
571	659
572	738
573	1737
574	2352
575	1770
576	1829
577	2092
578	10354
579	522
58	1391
580	169
581	531
582	852
583	1080
584	1293
585	1719
586	12547
587	2012
588	2613
589	734
59	1325
590	7480
591	4496
592	517
593	454
594	4856
595	2558
596	1528
597	1947
598	50614
599	2393
6	379
60	4030
600	841
601	6228
602	1622
603	4544
604	2821
605	633
606	117886
607	1281
608	3696
609	9417
61	476
610	1301
611	242
612	10729
613	328
614	1346
615	2078
616	1631
617	1495
618	252
619	1575
62	3244
620	553
621	1156
622	2614
623	27386
624	277
625	4847
626	778
627	1778
628	27079
629	1886
63	9789
630	9600
631	1339
632	424
633	865
634	215
635	3943
636	692
637	2173
638	5044
639	4120
64	153
640	5184
641	231
642	434
643	30232
644	43854
645	682
646	509
647	839
648	600
649	2821
65	1634
650	2187
651	11440
652	1211
653	2861
654	1352
655	699
656	433
657	3000
658	368
659	6424
66	17379
660	1280
661	1153
662	252
663	1328
664	5069
665	495
666	1044
667	1196
668	743
669	2079
67	1332
670	368
671	420
672	761
673	1096
674	3946
675	840
676	1138
677	2308
678	1298
679	57
68	898
680	1160
681	157
682	16052
683	7939
684	3720
685	2817
686	646
687	1853
688	2155
689	474
69	1938
690	456
691	1814
692	1297
693	305
694	493
695	594
696	1229
697	740
698	1143
699	349
7	1439
70	799
700	853
701	715
702	4081
703	3240
704	290
705	2011
706	1212
707	4083
708	2384
709	848
71	5627
710	4774
711	1229
712	1762
713	2412
714	363
715	1086
716	559
717	1155
718	545
719	953
72	5552
720	388
721	2593
722	733
723	117
724	952
725	2406
726	1155
727	1314
728	808
729	3761
73	1938
730	4433
731	1867
732	788
733	156
734	663
735	1147
736	1032
737	461
738	8711
739	871
74	4168
740	1930
741	435
742	15600
743	1619
744	1135
745	2425
746	1089
747	6470
748	1442
749	2424
75	1028
750	1157
751	526
752	3300
753	1445
754	1790
755	3657
756	2255
757	1211
758	899
759	17974
76	2270
760	3717
761	916
762	835
763	1280
764	2477
765	2615
766	308
767	1288
768	1269
769	543
77	899
770	971
771	509
772	320
773	7427
774	8736
775	1151
776	898
777	6245
778	2796
779	654
78	1958
780	8484
781	875
782	1694
783	647
784	977
785	2626
786	7848
787	609
788	2093
789	3917
79	2373
790	19313
791	7771
792	1692
793	7149
794	8640
795	3507
796	7320
797	622
798	57540
799	728
8	1252
80	752
800	727
801	29043
802	11860
803	2128
804	1432
805	572
806	20133
807	336
808	1319
809	2879
81	132
810	2712
811	2559
812	1203
813	380
814	386
815	1091
816	8903
817	2316
818	2175
819	383
82	2633
820	1252
821	1102
822	908
823	5236
824	1242
825	853
826	3582
827	693
828	2043
829	3545
83	1529
830	27363
831	3300
832	2885
833	399
834	11364
835	713
836	1012
837	378
838	548
839	245
84	8594
840	8303
841	3118
842	1562
843	3755
844	1694
845	1800
846	1305
847	1709
848	9870
849	1253
85	358
850	295
851	1220
852	2746
853	1169
854	3164
855	1131
856	1317
857	96
858	1724
859	24622
86	3880
860	2844
861	3088
862	5281
863	6020
864	729
865	888
866	1335
867	1582
868	490
869	1162
87	1751
870	62
871	277
872	262
873	803
874	7195
875	1000
876	520
877	2045
878	518
879	1189
88	1748
880	1235
881	1270
882	2736
883	4137
884	354
885	1873
886	904
887	4719
888	892
889	2325
89	1531
890	12587
891	865
892	7646
893	1663
894	786
895	4727
896	353
897	5196
898	160
899	1901
9	973
90	746
900	425
901	972
902	375
903	667
904	352
905	2411
906	4101
907	6564
908	649
909	3969
91	611
910	249
911	1102
912	1194
913	866
914	1146
915	6208
916	516
917	1065
918	289
919	1090
92	1146
920	643
921	108
922	1212
923	697
924	11412
925	3631
926	531
927	1543
928	1190
929	298
93	6625
930	1296
931	4360
932	1214
933	2580
934	6169
935	717
936	4423
937	2006
938	516
939	1561
94	1102
940	1341
941	29824
942	573
943	329
944	10262
945	206
946	5149
947	5115
948	10737
949	1089
95	2289
950	1190
951	3927
952	703
953	727
954	1219
955	1391
956	2648
957	5937
958	967
959	576
96	166
960	4948
961	329
962	24670
963	3639
964	6166
965	6994
966	10760
967	1810
968	4151
969	1393
97	646
970	377
971	3168
972	651
973	1142
974	4810
975	723
976	777
977	2395
978	1594
979	905
98	4240
980	163
981	3862
982	448
983	4970
984	2630
985	144
986	1316
987	4169
988	529
989	468
99	175
990	1182
991	7691
992	1112
993	435
994	1044
995	1392
996	373
997	973
998	1003
999	550
seller_id	0
