seller_id	0
4182	2
3547	14
185	23
4453	38
3434	43
1590	45
2015	56
679	57
4215	61
870	62
3359	63
15	66
4449	70
3944	71
2523	72
2979	72
3943	83
2605	87
126	88
2262	91
570	91
486	92
3190	93
1587	94
857	96
1508	98
3221	99
1222	103
1197	103
3199	104
3808	104
2028	106
150	107
2585	107
3081	107
1030	108
2185	108
921	108
1478	110
1429	110
1859	113
3401	114
2707	115
2357	116
723	117
2057	121
2287	124
1368	126
3702	126
4328	127
1626	128
4748	131
81	132
4603	134
1153	134
3868	138
4103	138
1620	140
1226	140
1608	141
4075	141
4970	144
497	144
985	144
3694	145
237	146
3405	146
2716	146
3342	147
2931	147
1459	151
64	153
4203	155
733	156
451	156
1081	156
681	157
4019	157
4210	159
1101	159
898	160
4878	160
3557	160
2019	161
559	162
4734	162
4261	163
980	163
1300	163
2247	165
3220	165
204	165
277	165
96	166
3403	168
580	169
1865	169
2406	170
3928	170
3939	170
1351	170
3182	171
3245	173
208	174
4902	174
2218	174
2832	174
2648	175
1909	175
439	175
99	175
1720	175
1120	176
3101	177
3400	178
4579	178
3569	179
3093	179
4513	180
1808	180
4973	181
4620	181
3333	182
3568	183
4226	184
2480	184
3485	184
2343	186
2858	187
4407	187
568	189
1333	190
3691	191
4014	191
4382	193
3653	193
1622	193
4113	194
4081	195
3731	197
2784	198
105	199
4398	200
164	200
4167	201
1759	201
2227	202
4595	202
1191	203
4448	204
3675	204
2635	204
45	205
2714	205
945	206
2038	206
2063	208
1323	208
2458	209
3157	210
3406	210
2738	211
3570	211
2708	213
2369	214
634	215
562	217
4777	218
2430	219
1273	219
3829	219
2039	220
2117	220
2100	220
2356	223
3667	224
2250	226
1817	226
2040	226
3492	226
4172	228
4639	229
2712	229
1498	229
3077	231
641	231
3443	231
4294	232
4457	232
4932	235
2766	235
1995	235
3303	237
4207	237
3309	237
3814	237
3439	238
1045	239
2604	241
2067	241
4991	242
2744	242
611	242
4604	243
839	245
4753	245
4065	246
193	246
4295	246
1493	248
910	249
4587	249
1711	250
4418	251
4943	251
3942	251
3641	251
618	252
662	252
2141	253
3370	254
1313	255
408	255
1965	255
488	256
4621	256
4518	256
1178	256
256	256
490	258
4723	258
1198	258
1092	259
1072	259
1683	260
3431	261
3804	261
1990	262
1447	262
872	262
3711	264
2408	264
440	264
3933	264
4811	265
2729	266
2589	267
3257	267
3307	268
352	268
2705	268
31	269
4676	269
3776	269
3876	269
2230	269
2160	269
2830	270
177	270
4101	271
3505	272
4952	272
3806	273
4089	273
3517	273
2131	274
1813	274
2097	274
169	275
3613	275
330	275
1456	275
1008	275
3480	276
4165	276
871	277
128	277
4807	277
624	277
117	278
4482	278
4762	278
466	279
2493	279
147	279
1782	279
4415	280
4610	280
2688	280
4023	281
1335	281
1458	282
124	282
1176	282
4837	282
545	283
1773	283
4153	284
3856	284
3487	284
385	284
410	285
2282	286
1731	287
3891	287
3346	287
1694	288
2286	288
4452	289
3198	289
1935	289
918	289
4419	289
4628	289
704	290
3530	290
4855	290
1164	291
2989	291
4031	291
1518	292
3549	292
4128	293
3264	293
392	293
2985	293
3660	293
3086	294
2470	295
4711	295
3532	295
2487	295
2840	295
850	295
531	295
3495	296
4177	296
157	296
2865	296
929	298
3579	299
4692	299
2380	300
2007	300
4624	300
3520	301
4931	302
4262	303
4975	303
3151	304
2340	304
3025	305
2760	305
4076	305
2467	305
693	305
1898	306
1856	307
3908	307
4020	307
766	308
1880	308
1028	308
3591	309
3974	310
2339	313
3857	313
1208	315
3977	316
3097	316
1972	316
3358	316
3527	317
156	318
3429	318
391	319
504	319
1371	319
1548	320
772	320
3852	321
4633	322
2595	322
4887	323
4715	324
3124	324
1825	324
4341	325
4690	326
2494	326
4384	327
2368	328
613	328
943	329
961	329
3197	329
442	332
4353	332
4780	333
2659	333
4510	334
3807	334
3830	335
4326	335
49	335
4435	335
807	336
2348	336
3529	337
2650	337
2873	338
4691	338
2771	338
143	338
3514	338
1772	339
3662	340
2413	341
1239	342
2135	342
1794	344
3618	344
2911	344
1109	345
3278	345
4396	345
1787	345
1664	345
3967	345
1486	346
2272	346
4011	347
1994	348
110	348
4288	348
1416	349
1223	349
699	349
2801	350
3782	351
2027	351
4258	351
2252	351
2350	352
904	352
4025	352
896	353
3672	353
884	354
4225	354
2587	356
1529	356
3007	356
4302	357
3934	357
85	358
4912	358
3558	359
509	360
271	360
1048	360
2553	361
2697	362
2205	362
4121	362
1670	362
4155	363
714	363
1367	364
1186	365
1803	367
670	368
1656	368
658	368
4038	368
4400	368
2726	369
4104	370
3232	370
3616	371
2684	371
1099	371
2501	372
3292	373
1354	373
996	373
1798	374
229	374
52	374
2080	374
216	375
3301	375
902	375
1001	375
4147	375
4030	375
3705	376
315	376
970	377
3285	377
837	378
3656	378
2986	379
6	379
1233	380
813	380
4634	380
2502	380
4484	382
2199	382
4230	382
4168	383
819	383
2109	384
1378	385
4470	385
3575	386
814	386
3823	386
2691	387
3564	387
2694	387
2740	387
1086	387
1795	388
720	388
4397	388
292	388
1312	388
3787	389
4015	389
1793	390
4201	391
353	391
4156	391
4051	392
1400	392
1701	393
2793	393
1799	393
3118	393
2129	394
377	394
269	395
3720	396
2275	396
3438	396
3051	396
1684	397
2853	397
3710	398
4412	398
3940	399
833	399
1797	400
4337	400
2962	400
2522	401
4627	401
2169	402
1631	402
2848	403
2612	404
3785	404
4738	404
1652	404
4242	405
381	405
3744	405
2524	406
3237	406
4586	406
2785	407
4348	407
4929	407
413	407
2214	408
224	408
4054	408
4085	408
3655	409
3186	409
3037	409
4575	410
2427	410
1540	411
3034	411
1374	411
2182	412
1279	412
1695	413
2114	413
3778	414
2198	414
4000	415
4082	415
3217	416
1440	416
1388	416
3084	416
3713	416
3540	416
1471	416
3550	417
2098	417
2732	417
4227	417
1053	417
328	417
2390	418
4652	418
39	418
1846	419
253	419
4944	419
671	420
1893	420
3052	422
4362	422
1209	422
2354	422
1745	422
2922	423
4441	423
3799	423
4689	423
4891	424
632	424
1982	425
900	425
3126	425
2248	426
209	426
334	426
3030	426
4967	426
2294	427
3775	427
3387	427
42	428
1042	428
4473	429
222	429
3385	431
1148	431
2208	432
656	433
2779	433
2808	433
642	434
3364	434
3617	434
993	435
741	435
4176	435
1391	435
2514	435
4095	435
4447	436
1107	437
4190	437
1232	438
4574	438
1690	438
1863	438
2209	438
4343	438
1334	438
2525	439
2177	439
3328	439
1344	439
4767	439
1717	440
2621	441
2226	441
4561	441
2461	441
3269	441
4487	442
41	442
394	442
3287	442
529	443
3994	443
2754	444
2259	444
4788	444
159	445
3211	445
1215	446
4399	446
1182	447
4107	447
1709	448
982	448
1349	449
1433	449
2625	450
2944	450
4664	450
4935	451
1287	451
3824	451
1174	451
4379	452
3798	452
3367	452
4906	453
2800	453
1575	453
1260	454
2901	454
3916	454
4721	454
4358	454
593	454
2421	455
690	456
4968	457
1375	457
4679	458
553	458
3801	459
2335	460
3966	460
495	460
3056	460
1971	460
737	461
1057	461
1871	461
180	461
153	462
1347	462
307	463
4124	463
3109	463
162	464
4612	464
3509	466
36	466
2996	467
1685	467
2534	467
2546	467
989	468
1360	468
4635	469
4462	469
3229	469
1639	469
3779	471
179	471
48	471
2364	472
3921	472
4677	472
1195	474
689	474
2507	474
336	474
4977	475
2710	475
61	476
4349	477
2868	477
4145	478
2190	478
3324	479
3739	479
1889	479
2516	479
3566	480
4835	480
4488	480
4671	481
2919	482
1475	482
3450	482
1201	482
3343	482
2939	483
1373	483
4592	483
1925	483
3036	483
17	483
3127	483
1121	484
4880	484
4654	485
1873	485
3360	485
1938	486
1706	486
3379	488
4588	488
1829	489
2870	489
868	490
2258	491
1554	492
4831	492
694	493
1930	493
2254	494
1080	494
4183	495
2875	495
665	495
4799	495
3483	496
1328	496
3927	496
2661	496
155	497
1725	497
2244	497
3899	497
1170	497
4284	497
2558	498
2817	498
2301	498
4389	498
2288	498
4411	499
280	500
3902	500
4956	500
4797	500
4746	501
542	501
2392	501
1958	502
3837	503
3815	503
182	504
4377	504
3841	504
1024	505
2902	505
2888	505
3911	506
4861	507
1196	508
4439	508
2966	508
646	509
3256	509
1790	509
771	509
1155	509
4904	510
2581	510
4609	510
3337	510
3407	511
3273	511
2307	511
3041	511
4572	512
3241	512
341	512
1177	513
1809	514
3254	514
1259	514
1051	514
916	516
3260	516
3895	516
3475	516
938	516
4312	516
3993	517
1812	517
592	517
2737	518
878	518
1339	518
272	518
2820	518
2231	519
4810	519
2053	520
876	520
4571	520
1395	520
2641	521
2490	521
1382	521
579	522
1777	522
3631	522
2728	522
1676	522
1132	523
1942	523
4893	524
1275	524
2765	524
2735	524
4450	525
3886	525
2536	525
4007	525
4665	526
751	526
2787	526
319	526
2977	527
4004	527
3699	527
3633	527
3222	527
4742	528
4646	528
988	529
1488	529
4195	529
2164	529
3789	529
3747	530
581	531
926	531
4263	531
264	532
4428	533
2568	533
1183	533
1143	534
2613	534
1035	534
1341	535
1494	535
4229	536
1564	536
3512	536
2331	536
3108	536
4194	538
404	538
4332	538
4774	538
3318	539
3458	539
2059	539
4596	540
569	541
1291	541
1648	541
3900	541
3664	541
345	542
769	543
2945	544
4736	544
3565	544
4897	545
718	545
4162	545
2889	545
3147	547
2110	547
1924	547
2881	547
4409	547
1100	548
4406	548
1385	548
838	548
4763	548
4934	548
2344	549
1118	549
2452	549
1105	550
4743	550
999	550
3793	550
1985	550
1451	551
4656	552
1421	553
480	553
1417	553
620	553
2203	553
1265	554
4541	554
4526	555
2519	555
3827	555
3717	556
2321	556
3846	557
2578	557
1266	558
2685	558
4445	558
3171	558
4969	559
716	559
1061	560
4806	560
3831	561
1438	561
337	562
3894	562
3573	562
2428	563
3684	563
1194	563
1792	564
1714	564
4863	564
3223	564
3611	564
405	565
4722	565
4340	565
1147	565
482	566
1764	566
4247	567
3903	567
2285	568
2075	568
4530	569
3470	569
3424	569
3372	570
2842	570
1046	570
3069	570
135	571
2660	571
4222	571
3281	572
805	572
459	573
4401	573
942	573
2184	573
3399	573
2115	573
365	574
4097	575
1448	575
1937	576
223	576
443	576
2649	576
959	576
2679	576
3832	577
2899	577
3813	577
1455	578
2689	578
3850	578
1158	579
4800	579
3582	579
1610	579
1577	579
1021	580
2327	580
3464	580
2513	580
3378	581
4563	581
3065	582
1929	582
112	584
1294	584
4112	585
108	586
4264	586
1593	586
4854	587
285	587
2918	588
1511	588
3581	588
1944	588
2025	588
4527	589
4907	589
4699	589
1007	590
3879	591
3728	592
3436	592
3321	592
3604	593
695	594
2609	594
4601	595
2920	595
1748	596
2070	596
1297	597
3040	597
1377	597
1650	597
1857	598
2957	599
3076	599
4433	600
648	600
1947	600
2854	600
1068	600
4581	600
4149	601
4189	603
1732	603
3644	603
3412	603
3652	603
1097	604
2904	605
3356	605
2159	605
2673	605
2010	605
1015	605
4495	606
2329	606
2610	606
1651	607
2434	607
2619	608
4637	608
787	609
4313	609
3047	611
4430	611
91	611
454	611
3066	611
3873	612
1220	612
4061	612
3788	612
2796	614
4088	614
4611	614
230	614
425	614
3071	615
3312	615
548	615
4730	616
2127	616
4117	616
129	616
1180	616
3238	617
1740	617
3842	617
2166	617
2499	618
4204	619
4901	619
1891	619
2384	621
1095	621
246	621
2941	621
4056	622
797	622
3187	623
3375	623
3493	623
2988	624
325	624
211	625
2192	627
3870	627
4017	627
3692	628
3184	628
1003	629
2841	629
2033	629
1730	629
2535	629
3330	630
1204	631
1439	631
2316	631
1689	631
2690	633
605	633
2376	633
4928	634
1513	634
1569	635
1089	635
515	635
2317	636
2415	636
3589	636
432	636
1237	637
4989	637
3227	639
2381	639
4716	641
243	642
4315	642
920	643
4862	643
1821	644
4641	644
1589	644
2261	644
1167	644
4486	645
2191	645
4697	645
4174	645
97	646
686	646
1778	647
2001	647
783	647
4772	647
2305	647
2636	648
3252	648
2121	648
2973	648
1530	648
210	649
2955	649
908	649
1702	649
1009	649
4535	650
3503	650
4339	651
972	651
407	652
4706	653
3996	653
2567	653
1074	653
3810	653
3068	653
1888	653
779	654
2150	654
4815	654
1849	654
3336	655
4142	655
3774	656
1496	657
1112	657
3313	657
1361	657
3362	658
2144	658
1055	658
4393	658
3413	659
571	659
2423	660
1658	660
367	660
4338	660
3525	661
3265	661
3435	661
2755	661
3987	662
4905	663
438	663
734	663
1110	663
3488	664
4373	665
4245	665
4749	665
2004	666
903	667
3452	669
1647	669
3704	670
1693	670
2488	670
3764	671
4512	671
4877	672
2539	672
2554	672
3584	672
1479	673
532	673
3192	674
2947	674
2827	674
4307	675
526	675
2843	675
1842	676
4623	677
516	680
4733	680
2478	682
4638	682
1666	682
645	682
2238	683
2852	683
436	684
2880	685
226	685
4139	685
4297	686
2320	686
343	687
122	687
1954	687
1653	688
2948	688
1135	689
4591	689
281	689
2073	690
1572	690
312	691
4511	691
1791	691
3340	691
636	692
3516	692
1928	692
3687	692
4719	693
3244	693
827	693
268	694
3864	696
2623	696
923	697
1152	697
2386	697
1991	699
1363	699
655	699
358	700
1915	700
2309	701
1896	701
324	701
1549	701
3844	702
2126	702
952	703
3193	703
1289	703
2270	704
1531	704
1832	705
3945	707
3316	708
2020	708
3228	709
2890	710
2638	711
1596	712
4357	712
2998	712
1449	712
3733	713
419	713
835	713
3594	714
4034	714
701	715
2921	716
4334	716
3262	716
1286	716
1940	716
4754	717
935	717
4507	718
2409	718
3768	718
1258	718
1460	718
537	719
1655	720
1611	720
3142	721
4008	721
2442	722
303	722
1802	723
975	723
2165	723
3131	723
2717	724
1463	725
1013	725
3515	725
1801	726
3763	726
2614	727
953	727
800	727
1654	727
799	728
2615	729
2183	729
864	729
3039	730
3247	731
3172	731
4576	732
2521	732
722	733
589	734
3615	734
2969	735
4202	735
1980	736
572	738
1612	738
2627	739
4614	739
4875	740
3771	740
697	740
4866	742
2189	742
1034	743
668	743
4755	744
4917	744
2215	745
3467	746
90	746
3267	746
2833	747
3116	747
3447	747
4375	747
3386	748
1698	748
1084	749
3210	750
4110	750
2196	751
4625	751
80	752
4123	752
517	752
2043	752
4477	752
2005	752
4291	754
2155	755
163	756
1800	756
3137	756
3445	757
1316	757
1023	757
1128	758
3973	758
4889	759
1474	760
2675	760
1775	760
672	761
1761	762
3538	762
3352	762
3162	763
1879	763
160	763
3440	766
1922	767
2476	767
2401	768
2826	768
4947	768
4271	768
4275	768
2264	769
1509	770
3384	770
338	770
1521	770
4892	770
1506	770
4915	771
4248	771
512	771
19	771
2157	771
3738	771
2556	772
1820	772
2816	772
1262	772
1282	772
3494	772
3201	774
4068	774
2353	776
460	776
4069	776
2797	777
976	777
626	778
3150	778
4199	778
1686	778
4653	778
1314	778
3639	779
2338	780
4842	780
3207	781
276	781
4029	782
493	782
2255	783
1052	783
1705	784
2012	784
3404	784
3648	785
894	786
3634	786
564	787
448	787
1468	787
403	787
1723	787
1372	788
732	788
2178	788
3239	788
4420	788
2242	788
1545	790
22	790
4834	791
3010	791
3074	791
3952	792
4442	792
3206	792
2734	792
3637	795
4367	796
2871	796
3668	797
2803	797
3869	797
3153	797
2528	797
2950	798
70	799
1124	799
1523	800
4314	800
489	800
1345	800
2495	801
1936	801
2	801
2446	801
4364	801
2599	801
4626	802
2290	803
4890	803
1319	803
2393	803
873	803
1869	804
1823	805
1054	805
728	808
3134	808
4016	808
2325	809
4791	809
4216	809
3638	809
3006	810
1060	811
2439	811
3240	812
2319	812
3926	812
3586	812
3542	812
4045	813
4018	813
1450	814
4217	815
4531	815
2289	816
4166	816
3836	816
3020	817
427	817
119	817
214	817
2211	818
291	819
4617	821
3347	822
1083	822
4485	822
3351	822
3893	822
2682	823
2719	824
1423	824
30	825
3519	826
3143	826
560	827
196	827
4093	827
4553	828
2130	829
4478	829
4698	830
1515	830
1248	830
1189	830
3646	830
2438	831
130	832
113	832
2153	834
3849	834
762	835
1017	837
4590	837
244	837
1414	838
3976	838
647	839
389	840
539	840
2274	840
675	840
1621	841
600	841
4801	841
4055	844
3169	845
1315	846
2186	846
1419	847
709	848
383	849
3397	849
3982	849
2481	849
4402	850
4405	850
2696	851
1276	851
3088	851
582	852
2672	852
700	853
825	853
2571	854
2276	856
4958	856
2432	857
4032	858
4978	858
258	859
289	860
2990	860
349	861
2504	862
4669	862
4903	864
1355	865
1370	865
2060	865
891	865
633	865
4985	866
3889	866
913	866
4223	867
4519	867
176	867
1763	867
3426	867
3417	868
3802	868
2311	869
4808	869
4206	869
739	871
1484	871
2731	872
4458	872
4443	873
4764	873
1122	874
2976	874
3394	875
781	875
4157	876
4370	877
3272	877
1604	877
505	878
2078	878
4941	878
4701	879
1561	880
21	880
249	880
4414	881
3293	881
2596	881
3574	882
4539	882
3479	883
2722	883
4306	884
2112	885
2497	886
4636	887
865	888
1343	888
2992	888
4885	889
2736	890
2006	890
1547	890
103	890
2379	891
499	891
4171	892
2322	892
1573	892
888	892
2548	896
3905	896
3369	896
441	896
2342	897
4547	897
3046	898
776	898
4184	898
68	898
77	899
758	899
4119	899
3523	899
183	899
378	901
1914	901
4873	902
3546	902
4286	903
1902	903
886	904
979	905
3539	905
1145	905
1082	906
3306	906
123	906
4812	906
4350	907
4211	907
822	908
4802	908
4870	908
4784	908
4853	909
3972	909
4130	909
426	910
3268	910
4986	911
4848	911
3133	912
1532	912
3632	913
3885	913
511	914
2464	915
4231	915
417	915
2634	916
3506	916
2003	916
761	916
4717	916
3909	916
4823	917
3341	917
3651	918
2291	918
1394	918
1912	919
1657	919
2405	922
149	923
2824	924
2266	925
1336	925
4241	925
3543	925
4371	925
2658	926
1330	928
4319	928
3998	928
4027	928
2798	928
2022	929
1483	929
2083	929
3988	930
4517	930
1224	930
4351	931
4135	931
4814	931
4133	932
1551	932
3510	932
348	932
1020	933
4479	936
3087	936
2655	936
3625	937
2188	937
3331	937
1926	937
1553	937
3383	939
395	940
2324	941
1392	942
201	944
2602	945
1041	946
3522	946
1956	947
4392	947
2940	950
1758	951
1753	951
724	952
273	952
3680	952
4345	952
719	953
491	953
3800	953
4108	954
2147	955
4578	955
3000	957
4330	958
3537	958
1584	958
475	960
382	962
3290	963
2551	963
2243	963
4037	963
1005	963
3259	963
3553	964
1406	964
2533	965
3983	965
3283	966
958	967
3132	967
16	969
3576	969
3772	970
4813	970
4782	970
770	971
2628	971
2120	971
4758	972
901	972
3794	972
2296	973
997	973
4927	973
9	973
1415	974
1659	975
2788	975
1434	976
3930	976
784	977
4537	978
2509	978
1212	978
3208	978
3012	979
1039	979
2557	979
4598	980
3286	980
371	980
409	980
4872	981
4608	981
3626	982
4565	982
221	983
1848	984
4573	985
3335	985
3026	986
3745	986
257	986
3882	988
1712	988
1453	989
3156	991
2394	991
3740	993
4180	994
4290	995
2451	996
2866	996
3079	996
4913	997
3805	998
2253	998
4299	1000
875	1000
1568	1000
295	1001
1254	1001
18	1002
998	1003
2847	1003
2372	1003
4559	1003
3195	1004
4916	1004
2531	1005
4	1005
1779	1006
3917	1006
4838	1007
2653	1007
3602	1007
2463	1007
507	1008
3411	1008
4830	1009
3418	1009
2850	1010
3	1012
362	1012
836	1012
3325	1013
1616	1013
25	1013
555	1013
174	1016
1933	1016
1311	1017
4804	1018
247	1018
2068	1019
3274	1020
372	1021
2632	1021
4208	1022
2154	1022
3396	1022
1301	1022
1514	1023
356	1023
1477	1024
3129	1025
369	1025
1432	1026
4521	1026
455	1027
4714	1027
4649	1028
2249	1028
2443	1028
3100	1028
2951	1028
1408	1028
75	1028
1379	1028
2804	1029
1202	1029
1594	1030
4884	1031
2601	1031
2839	1031
1746	1031
2961	1031
4732	1032
1066	1032
736	1032
3915	1033
544	1034
1160	1034
1281	1034
4556	1036
357	1036
1032	1036
4381	1037
3681	1037
3194	1037
3923	1037
2538	1038
1271	1040
1014	1040
3314	1040
4761	1041
2326	1042
3622	1043
2616	1043
994	1044
2055	1044
666	1044
3327	1045
4359	1046
3746	1047
2398	1047
462	1050
3258	1051
3559	1052
2837	1052
3023	1053
2978	1054
1628	1054
3014	1055
2937	1055
1525	1056
2045	1057
4198	1058
4403	1058
4681	1059
1384	1060
3053	1060
2170	1061
1528	1063
1033	1063
2663	1063
4974	1064
917	1065
3685	1065
1071	1065
2093	1066
2268	1066
1847	1069
3373	1069
4937	1072
4560	1075
1597	1077
1710	1079
4012	1079
583	1080
283	1081
2111	1081
3535	1082
1870	1083
1386	1083
2552	1084
2984	1086
715	1086
26	1086
4100	1086
1088	1087
4684	1087
2486	1087
1747	1087
4824	1087
2971	1088
4841	1088
1206	1088
2750	1089
949	1089
746	1089
3531	1089
4583	1090
919	1090
3471	1090
2598	1091
815	1091
1755	1092
421	1092
2780	1093
4063	1095
673	1096
3490	1096
2517	1096
1192	1096
3892	1097
1662	1098
3310	1099
4874	1099
1238	1099
2727	1099
298	1100
217	1100
4498	1100
4674	1101
821	1102
911	1102
4098	1102
94	1102
2917	1104
1894	1104
4078	1104
1671	1105
2892	1106
1324	1106
1789	1107
2549	1107
1405	1107
137	1108
245	1109
2529	1109
46	1109
3457	1109
3534	1110
2092	1110
2864	1111
4489	1111
302	1111
3809	1111
992	1112
4378	1113
1830	1113
1951	1113
4421	1113
3276	1113
3762	1114
2642	1114
2695	1114
1309	1115
1119	1115
288	1117
4146	1117
3459	1118
187	1118
1422	1119
2395	1119
3880	1120
4022	1120
4327	1121
4454	1121
2906	1124
100	1125
4213	1125
1615	1125
3146	1126
4713	1126
3654	1126
3059	1127
3588	1127
1667	1128
2790	1128
1247	1129
2056	1129
2644	1130
1883	1130
855	1131
2071	1131
1804	1131
3299	1131
3344	1133
1348	1133
1707	1135
744	1135
3811	1135
2863	1138
676	1138
1570	1138
1278	1138
3466	1138
1722	1140
3712	1140
3075	1140
2741	1141
1149	1141
1927	1141
376	1142
973	1142
50	1143
698	1143
2104	1143
2577	1144
1365	1144
3393	1144
2908	1144
3608	1145
92	1146
914	1146
2245	1146
1970	1146
2483	1147
735	1147
4568	1148
2500	1149
4496	1151
2607	1151
775	1151
3408	1152
3009	1152
661	1153
2543	1154
726	1155
2035	1155
717	1155
2069	1155
4544	1156
621	1156
1640	1156
1649	1157
750	1157
3840	1159
3707	1160
680	1160
3180	1162
869	1162
57	1162
3737	1163
3643	1164
2706	1166
2220	1167
2671	1168
2234	1168
4060	1168
853	1169
393	1169
3821	1172
3571	1172
4059	1172
3261	1176
24	1176
4236	1178
2938	1178
2142	1179
1633	1179
2761	1179
3311	1180
4300	1181
4503	1181
360	1181
1762	1181
374	1181
4099	1182
1571	1182
990	1182
3110	1182
2836	1183
1660	1184
2172	1184
1466	1185
4360	1188
1285	1188
879	1189
3158	1190
4010	1190
950	1190
928	1190
4344	1190
3501	1191
2887	1191
3605	1192
2298	1193
452	1193
4446	1193
2224	1193
3031	1194
912	1194
1634	1194
321	1194
3913	1195
667	1196
1751	1197
3060	1198
400	1198
4309	1198
494	1198
1235	1199
1645	1200
1552	1200
4228	1200
263	1200
2349	1200
1396	1201
3499	1201
4268	1202
4886	1202
4577	1203
812	1203
2995	1204
4613	1204
4191	1204
4600	1205
3953	1205
3748	1206
4728	1206
1700	1206
1585	1207
434	1208
4429	1208
2974	1209
4266	1209
3765	1209
2859	1210
2860	1210
4058	1210
757	1211
1636	1211
652	1211
2759	1212
3759	1212
922	1212
706	1212
2061	1213
4670	1213
932	1214
2678	1215
1546	1215
3339	1216
4619	1216
1213	1216
2204	1217
3504	1217
1465	1217
3018	1217
1332	1218
4506	1218
954	1219
3115	1219
2256	1219
1934	1220
851	1220
4795	1221
3562	1222
1038	1222
3730	1223
2237	1223
1588	1224
1520	1224
4304	1225
3382	1225
3753	1226
3784	1226
2257	1226
189	1227
2631	1227
4661	1228
696	1229
711	1229
1424	1231
43	1232
1476	1232
3465	1233
3072	1233
2221	1233
880	1235
1296	1235
2216	1235
2885	1237
458	1237
29	1237
4252	1238
1117	1239
4062	1239
3289	1239
2897	1240
4987	1240
3476	1241
824	1242
3455	1243
4675	1243
3044	1243
3253	1244
3587	1245
350	1246
4461	1246
2491	1247
399	1248
4783	1249
820	1252
8	1252
4003	1253
430	1253
2133	1253
3742	1253
849	1253
4790	1253
3391	1254
4759	1254
2907	1254
1293	1255
4151	1255
4602	1255
3554	1257
1578	1258
4105	1260
3962	1261
4197	1261
2145	1262
1906	1262
3456	1263
3709	1264
4141	1265
3922	1267
4369	1267
4502	1267
768	1269
1768	1269
881	1270
2207	1271
2236	1271
446	1272
4984	1272
3777	1273
3541	1275
4052	1275
4930	1276
2462	1277
2299	1277
4515	1277
1729	1279
763	1280
660	1280
607	1281
190	1281
2167	1281
3083	1282
4214	1283
198	1283
1688	1283
1876	1285
2886	1285
4303	1286
2471	1286
2118	1287
4778	1287
767	1288
4662	1289
4979	1289
1920	1290
1075	1290
4080	1291
3058	1291
1284	1292
205	1292
1320	1293
584	1293
2475	1293
1098	1294
3866	1294
3334	1295
930	1296
692	1297
1027	1297
2629	1297
340	1298
4948	1298
678	1298
2383	1298
1843	1299
1431	1299
1255	1299
2896	1299
379	1300
2600	1300
4980	1301
520	1301
3043	1301
610	1301
2295	1302
1413	1302
2930	1303
4491	1304
846	1305
125	1305
2618	1306
3781	1306
3642	1306
4120	1308
1665	1308
4954	1310
3701	1310
3329	1312
4894	1312
3202	1312
212	1313
3011	1313
727	1314
2666	1315
3872	1316
4678	1316
3620	1316
986	1316
1903	1317
856	1317
3363	1318
808	1319
1811	1319
1932	1319
4779	1319
3693	1320
4953	1320
4524	1321
4682	1324
59	1325
3095	1326
3871	1326
2893	1327
194	1327
663	1328
1555	1329
4329	1329
1114	1330
4846	1330
2132	1330
1716	1331
67	1332
2774	1332
370	1332
1769	1332
2620	1333
2089	1333
1504	1333
2748	1333
3165	1333
1491	1334
1079	1335
866	1335
1560	1336
4352	1337
1409	1337
1227	1338
4821	1338
3630	1338
2297	1338
2637	1339
4965	1339
631	1339
2764	1340
940	1341
4819	1344
3054	1346
614	1346
1537	1348
1542	1348
364	1349
1070	1350
654	1352
2782	1356
1094	1356
4466	1356
3754	1357
2520	1358
3593	1358
299	1360
2312	1360
550	1361
351	1361
1534	1361
2017	1363
2202	1364
2943	1364
1398	1366
4822	1368
3112	1369
4046	1370
146	1370
2713	1370
3248	1371
2201	1372
134	1372
3070	1372
2314	1373
2965	1374
3770	1375
1261	1378
3670	1378
2772	1379
236	1380
2970	1380
2809	1380
4657	1380
2681	1381
2416	1382
1960	1383
2456	1383
4138	1385
4116	1385
2048	1385
4796	1385
2662	1385
1962	1386
4460	1388
3752	1388
4456	1390
955	1391
58	1391
3601	1391
1026	1391
995	1392
1522	1392
969	1393
2825	1393
3628	1393
4745	1397
1210	1399
1785	1399
3188	1399
1743	1399
4494	1400
3103	1400
1853	1402
4957	1402
2756	1402
37	1402
2241	1403
543	1403
1428	1406
3419	1406
1678	1406
3855	1407
3884	1407
1559	1408
2786	1409
1845	1409
3130	1409
1776	1410
4817	1410
4673	1411
2474	1412
3062	1412
2437	1413
4363	1413
4971	1414
3544	1417
3174	1417
2271	1418
368	1418
4372	1419
3002	1420
152	1421
4569	1421
3533	1422
4564	1424
4472	1425
1877	1425
3612	1427
4181	1427
4849	1427
4962	1428
804	1432
1756	1433
398	1433
3474	1434
2105	1434
2030	1435
2280	1435
4253	1439
7	1439
138	1441
3792	1442
518	1442
748	1442
472	1442
1252	1444
1839	1444
753	1445
306	1447
4148	1448
2924	1449
274	1450
1358	1451
38	1452
200	1452
3477	1454
3179	1456
3414	1457
1184	1458
2041	1458
4858	1458
1264	1458
1827	1458
1246	1459
3548	1460
1130	1462
552	1462
335	1463
4972	1463
4704	1464
2410	1467
1961	1467
2479	1468
4468	1470
228	1470
3816	1471
1150	1473
4702	1475
1735	1475
1558	1476
4301	1476
4726	1477
1600	1477
4179	1478
3708	1481
2972	1482
4366	1482
3225	1483
1274	1484
239	1486
308	1493
1510	1494
617	1495
2763	1496
4921	1496
4694	1497
4259	1498
4152	1498
1899	1499
3577	1501
4380	1501
1231	1504
1672	1506
2429	1506
2769	1510
1104	1510
4471	1511
4278	1512
3896	1512
1836	1512
1828	1513
3390	1513
4114	1513
4827	1518
3119	1519
1969	1522
2953	1522
3847	1526
4750	1526
4481	1526
4548	1528
2046	1528
433	1528
1814	1528
596	1528
1452	1529
83	1529
89	1531
549	1531
1059	1533
4009	1533
3226	1537
3055	1537
4490	1537
498	1538
3176	1538
313	1540
3219	1541
1882	1541
514	1542
47	1543
927	1543
4899	1544
2686	1545
3715	1545
3999	1546
2633	1547
4134	1548
418	1548
3513	1549
1444	1549
1886	1550
1303	1551
1376	1551
3665	1552
2455	1553
2360	1554
2611	1555
2783	1556
3865	1556
329	1558
4036	1558
3305	1558
4279	1558
3380	1559
2980	1559
4820	1560
3082	1561
3135	1561
939	1561
1975	1561
842	1562
4851	1563
4277	1563
2411	1565
4618	1566
1230	1567
2814	1567
2366	1567
4109	1568
2670	1569
4137	1570
2946	1570
354	1571
2232	1571
2532	1572
4178	1573
619	1575
2122	1575
3726	1579
4474	1579
3690	1580
867	1582
2399	1582
3835	1582
3441	1582
4718	1583
4413	1584
4071	1585
3959	1589
3636	1590
1111	1591
978	1594
233	1595
3416	1596
2174	1597
2044	1599
3918	1600
2304	1602
262	1603
2723	1606
4497	1607
1505	1608
1401	1610
2233	1614
3442	1615
14	1617
3061	1618
2909	1618
2693	1618
743	1619
3428	1619
2927	1622
602	1622
2161	1622
1193	1623
1116	1625
4316	1625
1905	1627
2933	1628
309	1630
4660	1630
4175	1630
616	1631
3583	1632
1216	1633
2086	1633
65	1634
1322	1636
1757	1636
1977	1637
2375	1637
2267	1638
3597	1639
1950	1639
4868	1640
4549	1642
2187	1642
2999	1643
2997	1643
1614	1645
2645	1645
2753	1645
3123	1645
4770	1646
151	1647
4946	1652
1539	1652
251	1653
1613	1656
476	1656
3732	1659
2293	1659
565	1661
2444	1663
893	1663
3164	1664
1939	1665
3960	1670
2341	1670
3769	1670
136	1672
2749	1674
2466	1675
4826	1675
32	1676
3145	1679
2776	1680
4737	1680
1629	1683
1490	1683
4293	1684
1338	1686
4361	1687
792	1692
4269	1692
3901	1693
782	1694
844	1694
2515	1694
2148	1696
2952	1696
2851	1698
4757	1698
4805	1701
2643	1704
3091	1705
2058	1707
3780	1707
1527	1707
847	1709
2762	1710
4988	1712
4232	1714
1826	1715
4643	1715
4005	1716
4136	1718
585	1719
4354	1724
2622	1724
858	1724
4582	1727
3280	1727
4909	1727
2923	1728
2308	1730
1818	1731
3666	1732
3881	1735
2879	1735
4102	1735
573	1737
1263	1738
1852	1739
558	1739
1016	1740
1245	1741
3812	1742
282	1743
4425	1744
521	1747
88	1748
2789	1748
1941	1748
2758	1750
87	1751
3980	1753
2212	1756
1619	1756
2646	1757
4383	1758
240	1759
4237	1759
3673	1760
4580	1761
3029	1762
1904	1762
712	1762
4505	1763
3282	1768
197	1769
2544	1769
575	1770
2794	1772
2739	1773
627	1778
3756	1779
445	1779
2300	1779
2983	1781
252	1781
4642	1782
3300	1782
238	1783
1012	1784
154	1784
2831	1785
4794	1788
754	1790
2572	1792
536	1792
4839	1792
3851	1794
4725	1795
1638	1796
4840	1797
4793	1798
2574	1799
845	1800
2647	1804
3619	1806
2123	1809
967	1810
2219	1811
4769	1811
2855	1812
1464	1812
1997	1813
691	1814
4281	1814
557	1817
4995	1820
2867	1823
2334	1823
4272	1829
576	1829
4867	1830
1006	1831
1788	1831
170	1832
2240	1833
2932	1836
3947	1837
3598	1837
3563	1838
175	1838
2000	1838
3676	1839
1605	1839
1269	1841
1959	1842
3867	1842
2469	1843
3242	1845
304	1846
3498	1850
346	1850
687	1853
3122	1853
538	1856
492	1857
266	1861
1280	1862
2363	1862
4551	1862
2597	1863
2087	1864
132	1866
3216	1867
731	1867
1864	1867
2542	1870
3448	1870
23	1873
1441	1873
2968	1873
2194	1873
885	1873
4606	1875
3989	1876
3005	1879
3322	1882
1872	1883
1851	1884
629	1886
2926	1886
4224	1887
1642	1889
3114	1890
4365	1892
3761	1893
4914	1894
1737	1895
3883	1896
1093	1896
3825	1898
1305	1900
899	1901
4771	1903
3482	1904
3848	1906
4250	1906
3854	1907
2347	1909
332	1910
4387	1911
2225	1911
3141	1912
2052	1912
1443	1914
3719	1914
3291	1916
2171	1917
1214	1917
2910	1919
1436	1920
4436	1921
554	1923
2146	1926
1069	1926
4809	1927
2306	1927
2561	1927
428	1930
740	1930
4631	1931
4712	1932
4938	1932
4920	1934
1780	1934
2330	1937
69	1938
73	1938
3757	1939
2113	1944
3890	1945
3946	1945
2251	1945
597	1947
4033	1948
1907	1948
3454	1950
3024	1951
1881	1953
3978	1953
3986	1954
3912	1954
4240	1955
2143	1956
2573	1956
3050	1957
78	1958
3090	1958
4739	1959
4417	1962
4896	1964
4285	1965
3317	1967
2137	1968
3803	1969
2703	1971
3389	1972
540	1972
3600	1972
2445	1973
4741	1974
1154	1974
2085	1977
3961	1978
4347	1980
3166	1981
4002	1984
2180	1984
4074	1986
3148	1987
1156	1987
396	1988
3410	1988
3302	1989
1207	1990
4562	1991
1317	1993
3338	1994
1819	1995
4789	1996
2563	1997
4422	1998
1733	2002
1359	2004
937	2006
4856	2009
4493	2010
4501	2010
2492	2011
705	2011
1425	2011
3932	2012
363	2012
587	2012
2091	2013
1533	2013
166	2016
3027	2017
3446	2018
1519	2019
2389	2021
1632	2021
4981	2023
1067	2023
513	2026
3453	2031
4096	2031
1179	2035
2770	2036
1643	2036
4942	2039
510	2041
1146	2041
3560	2042
3271	2043
828	2043
877	2045
4233	2048
2351	2049
344	2049
1868	2051
3929	2052
3251	2052
4087	2052
4663	2055
4066	2056
2417	2056
1607	2057
225	2059
1948	2061
3489	2061
1840	2064
1576	2064
261	2066
4013	2068
4696	2070
4292	2072
2700	2073
4169	2075
3700	2076
2812	2076
3749	2077
615	2078
669	2079
2555	2080
3722	2080
4209	2082
450	2085
2361	2086
577	2092
2559	2092
2328	2092
4994	2092
788	2093
2096	2095
1181	2095
2449	2095
2914	2096
1945	2096
1497	2100
2730	2102
3136	2103
2540	2106
109	2106
4318	2110
4709	2110
1142	2115
2077	2120
2419	2121
463	2126
479	2127
1726	2128
4630	2128
803	2128
1697	2128
3724	2129
1403	2132
1917	2133
2657	2135
3786	2135
2088	2138
1591	2141
4786	2142
388	2143
2733	2145
4077	2147
2396	2151
4140	2151
4057	2151
4256	2154
688	2155
2477	2160
4727	2162
2013	2164
2103	2164
2195	2164
2489	2166
3275	2167
1299	2168
4426	2168
4385	2169
637	2173
2583	2174
1435	2174
4922	2174
818	2175
2576	2177
3215	2180
3104	2180
2008	2182
478	2185
650	2187
1482	2190
317	2190
1141	2190
186	2191
1556	2192
2505	2193
4940	2196
2284	2196
3580	2201
2725	2205
1129	2205
3204	2205
2884	2205
1862	2206
3181	2209
4864	2210
1244	2210
4185	2215
1630	2220
3875	2221
1064	2221
4260	2221
181	2222
2795	2222
4235	2223
4469	2225
4960	2227
4647	2230
2337	2234
1430	2235
2029	2235
4243	2237
402	2239
2485	2241
4053	2241
4816	2243
286	2244
1919	2244
4629	2246
3858	2247
1389	2248
1837	2249
2021	2249
3624	2252
4356	2254
756	2255
161	2256
3888	2260
2757	2261
1516	2262
1161	2264
1979	2264
3703	2266
4158	2269
2134	2270
76	2270
3469	2271
4455	2274
2916	2277
220	2280
3751	2280
1390	2281
4895	2281
1987	2282
2624	2284
4431	2285
3897	2285
3843	2286
95	2289
4437	2293
3249	2294
4331	2296
1383	2296
2752	2297
4200	2298
2603	2302
2414	2304
4050	2306
677	2308
2882	2309
2819	2309
1565	2311
3956	2316
817	2316
2453	2317
1598	2318
3234	2321
1696	2322
3451	2324
889	2325
2982	2329
384	2329
4859	2332
2072	2333
1437	2334
2024	2334
481	2335
1855	2335
1517	2336
101	2336
3250	2337
355	2340
314	2342
1288	2343
447	2346
1185	2348
574	2352
2815	2352
3991	2354
2496	2357
4860	2358
4898	2359
3791	2360
551	2362
2680	2364
1063	2366
2107	2366
3607	2368
2373	2369
2140	2369
3657	2370
4666	2370
79	2373
3430	2373
2872	2374
1308	2374
3650	2378
2197	2380
2054	2380
3138	2381
708	2384
4584	2385
1512	2385
1078	2386
519	2391
4047	2392
599	2393
2967	2393
2457	2394
977	2395
4747	2401
2358	2406
725	2406
530	2406
1018	2407
3409	2408
4672	2410
905	2411
713	2412
3374	2413
4787	2415
4516	2419
749	2424
1221	2424
745	2425
287	2425
1635	2426
2472	2427
2718	2429
4111	2429
4084	2430
2626	2433
3149	2437
1609	2444
3048	2448
4092	2448
3021	2455
4500	2455
473	2460
453	2462
3013	2463
2359	2464
4483	2470
2702	2471
107	2471
3422	2472
2698	2474
1327	2477
764	2477
241	2480
4740	2484
3263	2491
1108	2493
3508	2493
3767	2498
2222	2502
1502	2504
1581	2505
1217	2505
3688	2507
1724	2509
3820	2510
1002	2510
326	2513
1499	2515
3461	2515
1144	2518
311	2520
4219	2524
3345	2534
4668	2536
3120	2538
1404	2538
1536	2541
4342	2541
2034	2542
2302	2544
4683	2545
1019	2547
1567	2553
1168	2553
3357	2554
1165	2556
595	2558
811	2559
1205	2560
1211	2560
3773	2567
4508	2570
3521	2573
4323	2573
2265	2574
3277	2577
2806	2578
933	2580
1096	2582
4039	2588
2158	2592
3175	2592
721	2593
3561	2598
2775	2601
449	2606
2701	2606
4196	2613
588	2613
622	2614
765	2615
2751	2618
1366	2618
522	2621
140	2621
528	2622
1983	2622
4150	2623
1290	2623
1541	2624
785	2626
4632	2626
1858	2626
406	2627
322	2630
984	2630
4086	2632
82	2633
259	2633
3755	2639
2805	2639
3860	2640
2845	2645
2228	2647
956	2648
3064	2648
3178	2649
2032	2651
502	2652
297	2653
1908	2656
3723	2657
1682	2660
3332	2662
4193	2663
1897	2663
3924	2664
4523	2666
3950	2671
294	2672
4267	2672
2315	2681
1752	2684
1606	2688
1241	2689
2016	2690
484	2691
4961	2692
120	2695
2433	2700
469	2702
386	2705
4833	2708
3392	2709
810	2712
3838	2712
3008	2715
525	2715
3862	2715
2345	2718
3919	2721
3863	2721
4464	2725
2991	2725
4857	2726
3049	2727
4900	2735
882	2736
4593	2737
1029	2738
4416	2739
1467	2739
852	2746
2692	2748
2009	2753
1307	2755
2608	2766
496	2771
4844	2772
3366	2773
1306	2774
3861	2777
3969	2779
260	2779
1298	2782
3361	2783
3320	2786
1085	2789
2630	2793
2773	2795
778	2796
3015	2803
2200	2803
178	2806
1270	2808
4028	2809
1329	2810
4021	2811
3161	2815
4336	2817
685	2817
1342	2817
4756	2819
604	2821
649	2821
563	2822
4001	2823
1524	2833
3671	2834
1834	2835
1911	2835
4220	2838
4933	2839
4570	2839
2810	2840
3621	2841
1169	2841
1445	2842
3898	2843
860	2844
4320	2848
1050	2860
1831	2860
653	2861
4550	2869
4106	2870
4554	2873
809	2879
1106	2881
1579	2881
1427	2883
1243	2884
2355	2885
832	2885
4273	2889
2550	2890
4270	2891
4040	2892
3658	2893
1047	2895
2263	2897
4317	2901
2699	2907
1601	2908
2050	2910
13	2911
3647	2913
464	2914
3743	2917
3795	2918
3964	2922
3463	2928
4164	2929
1228	2931
2656	2933
1022	2935
2346	2946
1844	2949
278	2950
2269	2955
1943	2955
104	2957
4408	2958
4825	2960
1062	2960
1668	2962
1592	2964
1543	2966
3555	2966
5	2971
3266	2973
2724	2974
4926	2979
2590	2982
2473	2983
4391	2984
4289	2985
1692	2987
2687	2989
2090	2989
2139	2990
1713	2991
1219	2994
3683	2999
2683	2999
657	3000
27	3002
1000	3003
235	3003
366	3006
1492	3006
2835	3012
4773	3012
116	3023
1091	3023
115	3024
3935	3027
4959	3029
3388	3029
4982	3030
3042	3037
1736	3042
1337	3045
1357	3046
3398	3047
3425	3047
4964	3050
1562	3051
171	3051
3019	3051
20	3052
2802	3053
1913	3066
2011	3067
3113	3072
4545	3079
1172	3080
4423	3083
3224	3084
861	3088
3167	3089
1470	3090
1397	3092
3092	3093
4882	3094
1127	3095
4212	3102
3500	3102
2778	3107
4308	3108
165	3108
4024	3109
1076	3111
3432	3112
2508	3117
841	3118
2425	3119
2639	3119
1627	3119
4424	3119
2037	3120
3931	3125
2431	3127
2323	3128
4125	3129
4170	3131
3796	3134
3365	3143
3783	3144
3790	3147
2162	3148
1353	3148
854	3164
971	3168
1163	3169
4467	3172
1993	3180
1981	3182
1187	3185
2119	3186
1136	3189
2313	3198
4529	3205
2163	3207
3032	3210
3957	3214
4724	3218
2903	3219
3992	3223
1073	3230
3907	3231
203	3235
703	3240
1806	3242
1838	3243
62	3244
2651	3252
4908	3252
3111	3253
2767	3255
3028	3258
4163	3261
4115	3262
3209	3263
1900	3264
435	3267
4395	3271
2332	3271
1249	3287
500	3291
1669	3296
752	3300
831	3300
265	3301
4589	3306
2426	3306
3377	3308
4843	3313
3975	3315
3640	3316
4254	3317
468	3318
4983	3319
4876	3322
415	3322
534	3324
51	3325
2441	3329
1625	3334
4451	3336
3590	3345
3437	3350
2857	3350
1624	3351
2562	3353
3246	3355
1040	3356
2994	3357
3371	3363
1137	3369
3160	3371
414	3374
1734	3379
2792	3386
1411	3387
524	3389
3304	3393
301	3397
4041	3403
54	3405
3297	3408
4555	3415
4645	3421
2862	3424
1037	3426
2936	3432
4707	3435
3298	3436
2811	3438
1331	3442
3920	3443
255	3448
254	3449
4557	3450
3596	3452
4615	3452
3355	3455
2654	3455
320	3456
3284	3461
3750	3464
12	3475
1673	3480
231	3480
4221	3481
2176	3482
4154	3482
2503	3492
3817	3493
1538	3497
3735	3500
795	3507
1921	3511
3243	3513
1292	3516
1887	3519
2018	3520
4710	3528
4333	3532
4520	3539
3981	3540
4925	3541
4118	3542
829	3545
1996	3546
2079	3547
535	3555
1268	3557
4298	3558
3714	3560
2454	3561
3402	3567
3235	3569
3914	3572
826	3582
3585	3582
1644	3583
2095	3584
2352	3585
2715	3587
508	3592
4159	3596
3218	3598
4246	3610
275	3616
2156	3619
290	3620
4558	3624
925	3631
4879	3631
963	3639
4616	3643
2665	3644
3853	3645
4072	3646
1507	3649
3496	3651
1229	3653
2281	3655
755	3657
1850	3657
2742	3659
3349	3659
4955	3660
2588	3660
2960	3660
1410	3668
2460	3669
4735	3694
4850	3695
608	3696
1380	3699
3353	3700
2877	3700
4552	3710
55	3711
1988	3713
760	3717
684	3720
4910	3723
3906	3730
485	3731
4597	3732
1162	3750
843	3755
2566	3760
729	3761
4283	3762
118	3765
2407	3773
172	3783
3938	3786
1481	3788
3486	3791
3979	3796
4650	3804
3462	3808
1412	3825
4832	3826
4888	3827
3107	3836
4607	3847
1923	3848
3288	3849
4386	3853
1256	3858
1986	3861
981	3862
2081	3864
2929	3866
86	3880
4006	3888
2210	3889
3481	3890
3606	3891
4463	3894
2527	3894
431	3899
4440	3903
339	3903
206	3904
2878	3908
213	3910
789	3917
2849	3918
242	3918
1976	3918
3102	3920
4836	3924
951	3927
1442	3930
3348	3937
635	3943
674	3946
1582	3948
1350	3953
1446	3955
3603	3960
3833	3962
2436	3963
4708	3966
909	3969
4499	3972
2530	3976
4492	3991
1661	3992
2094	3995
250	3995
3679	4006
1989	4011
3354	4017
60	4030
2593	4032
4459	4037
477	4038
2378	4038
3599	4041
3682	4050
1267	4050
3270	4060
1875	4065
4990	4076
702	4081
707	4083
3089	4086
2987	4091
3231	4094
1703	4094
1966	4100
906	4101
3819	4108
4122	4109
3478	4113
2102	4114
1550	4116
639	4120
2181	4125
4239	4132
2400	4134
883	4137
4883	4140
4687	4149
968	4151
3545	4154
1824	4165
74	4168
987	4169
1526	4172
3877	4186
1860	4189
2391	4197
40	4204
3308	4223
2074	4223
2101	4223
373	4226
98	4240
1999	4245
293	4267
1407	4271
2082	4275
2668	4277
3592	4280
4693	4282
1356	4283
2168	4288
2935	4290
1399	4294
1454	4296
1786	4303
1878	4304
4438	4307
342	4316
3212	4317
1946	4317
1807	4319
4368	4323
2891	4329
4651	4334
3067	4343
1004	4345
3038	4350
931	4360
4992	4360
4444	4372
2065	4387
4533	4418
936	4423
730	4433
4852	4434
3173	4436
4144	4441
4238	4442
1125	4446
387	4450
3168	4464
1166	4464
1931	4465
3766	4469
2283	4474
4064	4478
3661	4486
1203	4487
3420	4491
390	4495
591	4496
3524	4500
4035	4505
1190	4509
2949	4509
4070	4510
218	4521
3154	4523
1677	4531
188	4533
1784	4539
1974	4544
603	4544
4432	4548
4234	4548
35	4549
4026	4570
1957	4577
1420	4589
2333	4589
3567	4597
4249	4610
3421	4621
4720	4623
4186	4625
1901	4641
2152	4650
4949	4654
4274	4655
3140	4660
1321	4684
1866	4687
3099	4690
3718	4696
2450	4697
1489	4697
2606	4703
2895	4707
4532	4707
2720	4713
3536	4714
2915	4716
887	4719
2913	4721
2084	4721
895	4727
4785	4730
3937	4734
3721	4743
4829	4752
1462	4757
316	4759
3170	4764
3502	4767
300	4767
3045	4768
1065	4768
710	4774
3205	4782
4434	4791
1157	4809
974	4810
1895	4811
1637	4827
4803	4832
1036	4834
4729	4838
1718	4845
625	4847
594	4856
2526	4859
1283	4860
3818	4869
2570	4875
2905	4875
127	4878
2026	4890
1369	4891
10	4893
2709	4902
2747	4908
3627	4916
1680	4925
4658	4930
4540	4933
960	4948
471	4949
4251	4949
2422	4952
3963	4957
2277	4968
4346	4970
983	4970
3948	4977
3552	4984
3381	4993
429	5011
1721	5023
4599	5031
638	5044
3645	5050
2388	5054
1770	5056
2934	5061
664	5069
4132	5077
1218	5082
1103	5089
487	5090
2674	5094
2149	5095
4923	5103
2151	5104
2869	5108
947	5115
56	5116
1500	5120
1916	5120
11	5132
121	5134
4131	5135
3629	5148
946	5149
1544	5159
4476	5179
1381	5179
3004	5183
640	5184
2239	5188
897	5196
4744	5202
2498	5207
1461	5210
1115	5216
3098	5219
2042	5229
2746	5230
823	5236
2799	5239
4480	5239
4640	5245
4465	5249
227	5251
4655	5256
2791	5281
862	5281
2964	5297
3706	5328
1854	5337
1739	5344
3423	5346
2834	5359
1754	5363
1563	5363
1318	5364
4542	5369
4091	5378
4667	5385
1566	5385
3954	5399
3965	5413
1077	5422
1251	5422
4594	5448
3985	5455
1968	5463
3057	5465
1140	5466
4765	5467
4335	5481
4514	5481
3233	5486
4775	5494
3415	5518
4936	5524
1123	5529
2518	5530
1822	5540
1175	5542
2667	5548
72	5552
3551	5558
2374	5559
3214	5564
1362	5592
1151	5593
3296	5593
44	5618
3697	5620
71	5627
2402	5632
4276	5639
34	5644
3294	5649
1199	5657
3649	5665
3427	5684
3080	5688
2861	5699
3323	5701
2424	5702
457	5704
2564	5729
1992	5743
2002	5750
2777	5752
2975	5753
533	5754
2435	5754
4388	5762
3635	5797
2652	5802
1675	5812
1796	5819
2942	5819
1602	5847
4126	5848
359	5852
4705	5855
4083	5855
3887	5859
4067	5862
2128	5878
4244	5880
192	5881
3572	5888
1623	5889
4939	5909
546	5917
957	5937
3674	5940
2125	5941
1044	5944
296	5947
4534	5948
401	5949
1918	5951
3904	5953
4296	5955
148	5980
3874	5986
1952	5986
2370	5994
3433	5998
863	6020
1646	6023
2822	6035
2512	6036
1603	6043
411	6065
279	6070
2711	6078
1139	6098
2448	6099
3094	6104
2510	6104
4475	6116
323	6122
3319	6149
1090	6163
3736	6164
964	6166
934	6169
3518	6181
102	6193
915	6208
601	6228
2579	6240
3696	6241
777	6245
4993	6283
1159	6319
1884	6324
2640	6347
2365	6351
4919	6352
561	6353
2108	6359
4585	6368
2279	6376
1387	6377
444	6386
456	6399
267	6408
2440	6415
3949	6421
3797	6421
1691	6422
2958	6423
659	6424
1240	6437
333	6462
1774	6464
747	6470
3689	6483
2484	6486
248	6496
3106	6503
2235	6509
2541	6535
2838	6536
907	6564
53	6573
1472	6573
3984	6578
1242	6580
1728	6602
4680	6616
3725	6620
93	6625
3741	6643
4322	6645
2846	6652
133	6660
1402	6664
1325	6676
4695	6688
423	6698
2397	6709
4324	6720
207	6751
4376	6765
4648	6784
2912	6818
1749	6821
3035	6833
2447	6872
327	6873
1766	6876
1805	6879
4543	6897
2076	6905
168	6916
2743	6947
3230	6952
1010	6954
4192	6956
1025	6961
3758	6977
1835	6992
965	6994
2229	6997
111	6998
3236	7024
1744	7033
1771	7054
1469	7058
195	7077
2807	7078
3822	7117
3073	7129
793	7149
3995	7155
3968	7161
3159	7163
4522	7165
4685	7166
483	7170
1767	7180
465	7190
874	7195
4951	7208
3686	7218
139	7226
2993	7230
3003	7231
4731	7235
2586	7242
1250	7280
3444	7302
2745	7310
2592	7314
796	7320
3085	7324
4966	7339
2213	7346
1641	7346
3001	7374
4781	7385
1984	7396
773	7427
1134	7453
2465	7467
590	7480
2900	7491
3958	7508
4751	7516
1495	7520
3839	7559
1236	7578
4881	7594
2894	7596
1586	7618
3125	7627
1617	7633
2584	7638
4871	7643
892	7646
991	7691
4305	7698
2829	7742
2569	7749
2099	7754
791	7771
1295	7776
1964	7792
114	7804
566	7808
527	7813
4703	7815
1978	7822
4525	7834
142	7845
786	7848
1574	7868
4325	7869
2049	7894
683	7939
1302	7956
284	7961
1765	7979
2260	8037
1841	8055
2821	8075
3484	8095
1133	8105
2874	8116
397	8181
506	8197
2362	8205
1011	8205
215	8222
3185	8231
3121	8231
4049	8235
840	8303
2580	8305
2511	8360
2036	8377
2704	8382
3255	8413
3473	8444
2278	8446
4776	8459
780	8484
4622	8504
556	8515
3368	8541
1171	8566
4828	8587
1741	8591
84	8594
3350	8596
794	8640
4768	8645
1719	8646
2047	8665
1173	8674
2404	8695
2856	8704
738	8711
2956	8722
4187	8734
774	8736
1885	8740
4188	8751
4536	8813
4079	8816
3878	8825
2051	8850
1457	8860
234	8868
816	8903
4394	8912
2925	8917
2547	8944
3078	8986
3910	9051
1955	9109
3941	9146
3163	9152
1426	9165
4280	9177
1473	9188
2582	9236
145	9265
2898	9317
202	9317
4143	9319
2310	9323
3144	9335
424	9335
2014	9355
2023	9367
4042	9384
1750	9397
609	9417
2136	9421
4310	9446
3117	9458
4963	9485
3614	9488
2106	9497
3595	9521
1234	9577
4410	9579
630	9600
3695	9620
3610	9641
1364	9659
1049	9675
144	9719
2387	9760
3936	9780
63	9789
4911	9823
3128	9845
2828	9863
848	9870
3152	9870
4700	9885
4073	9899
2066	9924
4374	10055
1867	10089
1833	10103
523	10104
1418	10111
2303	10117
3834	10122
1304	10139
3472	10164
2575	10178
944	10262
1715	10272
4686	10286
3105	10349
578	10354
3155	10435
3279	10468
4255	10494
2844	10513
1326	10530
219	10534
1679	10536
3609	10639
612	10729
2175	10732
948	10737
3528	10744
966	10760
1681	10808
347	10814
1704	10833
3997	10834
1949	10879
3970	10901
4792	10924
1225	10934
4865	10950
3497	11069
2959	11097
1674	11125
1973	11133
2064	11182
2565	11219
4950	11261
4504	11308
2981	11315
3716	11347
834	11364
924	11412
1277	11436
651	11440
1352	11506
3727	11557
3191	11620
4567	11677
4566	11765
33	11825
4869	11842
1708	11853
802	11860
2179	11896
3177	11899
1738	11927
4528	12042
2173	12075
2412	12142
3826	12197
1874	12207
2876	12225
1781	12282
2954	12328
4048	12437
3951	12518
318	12544
586	12547
2768	12555
3729	12559
890	12587
3196	12595
503	12643
199	12773
1998	12773
3033	12827
547	12854
2506	12892
2883	12942
3203	12943
3016	12956
1485	13127
2420	13140
2318	13222
2594	13222
1557	13241
3460	13244
2273	13266
3022	13303
4355	13311
1253	13321
1113	13356
305	13357
1200	13369
3468	13372
470	13391
2377	13449
4161	13456
3200	13559
4090	13635
1910	13707
3971	13756
3096	13798
131	13848
1742	14150
2124	14244
4427	14368
1126	14398
310	14488
3189	14581
4688	14840
3990	14850
3511	14955
2193	15022
4287	15146
1031	15191
2928	15286
501	15432
2367	15446
361	15501
742	15600
541	15871
4659	15916
106	16022
682	16052
2292	16086
3663	16140
1580	16192
2963	16370
2591	16527
3507	16584
1310	16736
4390	16808
1783	16942
2664	17159
1583	17280
1618	17285
66	17379
270	17473
467	17514
3395	17573
4509	17685
759	17974
2138	18050
412	18208
380	18248
3017	18300
4265	18317
3623	18342
3449	18452
4129	18462
2537	18494
2382	18531
1727	18909
3326	18931
3845	18995
1058	19021
2031	19216
1810	19277
790	19313
1487	19418
4311	19423
1815	19737
4546	19759
3578	19786
1138	19807
2459	19821
806	20133
4205	20238
474	20516
28	20605
416	20775
191	20777
1953	20840
4605	20857
2721	20925
2482	21122
2560	21123
331	21221
3376	21666
3925	21705
1056	21780
1687	22005
3063	22041
1599	22118
3669	22323
567	22393
1346	22445
167	22446
2403	22746
1272	22943
3139	23518
3526	23532
1816	23534
1861	23560
2677	23770
2818	24018
2217	24058
4818	24062
4160	24178
2116	24342
3556	24417
859	24622
4766	24663
962	24670
1963	24966
4321	25612
1340	25772
2062	25831
1131	26037
4043	26152
3955	26608
437	26745
3859	26873
628	27079
830	27363
2669	27364
623	27386
461	27576
232	28283
801	29043
4644	29320
1087	29477
941	29824
4945	30060
643	30232
1188	30879
3659	31148
2545	31215
422	31256
1535	31335
1501	31545
1967	31734
3183	31927
2617	31955
3295	32245
1699	32561
4404	32602
2246	33240
158	33579
3315	33655
4924	34046
2676	34843
1760	34870
1480	35666
2223	35671
4918	36961
4127	37176
1890	37818
4538	38708
2781	39204
2418	39293
1892	40676
2336	41148
4760	41216
1	41398
3678	41459
644	43854
2385	44672
2823	45055
4218	45509
2371	49898
598	50614
2206	51007
3734	51272
1257	51495
1043	52774
141	53407
1595	54011
2468	55135
1663	55585
4847	56476
4257	56824
798	57540
4094	57738
3213	58750
1503	62946
375	65511
4845	65652
420	65861
2813	71248
173	73337
4798	75085
4752	75311
4282	79604
4976	100047
3677	113581
606	117886
1393	143768
3491	153081
3828	181810
4173	183894
3760	187902
3698	188110
1102	214024
4044	264820
184	286245
