184	286245
4044	264820
1102	214024
3698	188110
3760	187902
4173	183894
3828	181810
3491	153081
1393	143768
606	117886
3677	113581
4976	100047
4282	79604
4752	75311
4798	75085
173	73337
2813	71248
420	65861
4845	65652
375	65511
1503	62946
3213	58750
4094	57738
798	57540
4257	56824
4847	56476
1663	55585
2468	55135
1595	54011
141	53407
1043	52774
1257	51495
3734	51272
2206	51007
598	50614
2371	49898
4218	45509
2823	45055
2385	44672
644	43854
3678	41459
1	41398
4760	41216
2336	41148
1892	40676
2418	39293
2781	39204
4538	38708
1890	37818
4127	37176
4918	36961
2223	35671
1480	35666
1760	34870
2676	34843
4924	34046
3315	33655
158	33579
2246	33240
4404	32602
1699	32561
3295	32245
2617	31955
3183	31927
1967	31734
1501	31545
1535	31335
422	31256
2545	31215
3659	31148
1188	30879
643	30232
4945	30060
941	29824
1087	29477
4644	29320
801	29043
232	28283
461	27576
623	27386
2669	27364
830	27363
628	27079
3859	26873
437	26745
3955	26608
4043	26152
1131	26037
2062	25831
1340	25772
4321	25612
1963	24966
962	24670
4766	24663
859	24622
3556	24417
2116	24342
4160	24178
4818	24062
2217	24058
